7.520174952513161148e-01
7.715062807115308230e-01
7.726311878096024932e-01
7.753666235218018565e-01
7.841206045057166341e-01
7.650783666845359932e-01
7.674162009097935666e-01
7.639980834751811667e-01
7.915631132294856931e-01
7.741274916506636350e-01
7.785181935440564915e-01
7.805181316303224648e-01
7.472577634632010524e-01
7.710000111120471900e-01
7.620428952824283009e-01
7.905739497480837041e-01
7.645229352103900533e-01
7.754650653114923964e-01
7.527036755365181797e-01
7.837025433744233549e-01
7.787977647743938858e-01
7.780162455433123903e-01
7.736911833966212404e-01
7.762861678524719533e-01
7.787710672347218921e-01
7.547238136655824992e-01
7.788609578695577795e-01
7.762632376034297454e-01
7.582530252311214802e-01
7.668031571318684181e-01
7.787991331039143539e-01
7.659426916707798849e-01
7.547615822957481901e-01
7.696546087709491557e-01
7.887322631503984605e-01
7.797921520407832263e-01
7.876693843910326231e-01
7.694240159536722690e-01
7.566716591068002318e-01
7.680277640898314218e-01
7.627268584613570157e-01
7.849506556530141399e-01
7.721291869997175539e-01
7.887343952010952286e-01
7.714062922380695575e-01
7.631584728235292214e-01
7.619967990757655629e-01
7.825377586814149522e-01
7.460907263359315422e-01
7.654922675510981156e-01
7.879503657780383419e-01
7.531115607064875483e-01
7.659664984617866601e-01
7.566461172095462206e-01
7.564650555912771912e-01
7.932735606845499055e-01
7.592600248083372083e-01
7.732426641347552865e-01
7.891493737049978252e-01
7.722224853067134465e-01
7.628119518670931631e-01
7.824866038753762743e-01
7.550519242219162486e-01
7.855154851643993963e-01
7.592394582013090032e-01
7.660874212252142268e-01
7.717811570105469476e-01
7.203552290388883783e-01
7.693173923200435915e-01
7.569720072790457888e-01
7.577153399062045436e-01
7.629632183774039955e-01
7.523600312121295763e-01
7.343139437851409212e-01
7.576879872251731651e-01
7.466134106087763955e-01
7.667839864459303767e-01
7.504907782622057821e-01
7.693623338991832927e-01
7.631075034191335815e-01
7.994380906746679782e-01
7.543505418769140825e-01
7.629945545158849374e-01
7.714234204043948218e-01
7.540304532543347094e-01
7.635836664243599303e-01
7.805873464074190027e-01
7.555806378908938026e-01
7.615258910476514487e-01
7.577801120510671007e-01
7.568262573604697119e-01
7.660544465114849100e-01
7.824350464171572206e-01
7.470489733713145952e-01
7.634169642127673905e-01
7.617358478616732542e-01
7.713061022210803142e-01
7.653583039382635400e-01
7.786707479005054999e-01
7.684473298067395763e-01
