7.609031141411172205e-01
7.867060426469916212e-01
7.636369852616240461e-01
7.768736547032465412e-01
7.846569703521945049e-01
7.584897969238426629e-01
7.761944690812518921e-01
7.616043340830552788e-01
7.766052216656093021e-01
7.802884560877548781e-01
7.934866123672835725e-01
8.083327175411726406e-01
7.808665874963311992e-01
7.710529197614877095e-01
7.735473650719058014e-01
7.685682146188758113e-01
7.715268818988560984e-01
8.021429933774669729e-01
7.571016529957825814e-01
7.746801690993319056e-01
7.963879612401907337e-01
7.869728093315467854e-01
7.938285094418295884e-01
8.025247341456034356e-01
7.991481296621771868e-01
7.905103703896982914e-01
7.691282069687300771e-01
7.849184189432647507e-01
7.712862088425276319e-01
7.962163043327449286e-01
7.858372422654641420e-01
7.774920665105385931e-01
7.932029876776455213e-01
7.965150800761229277e-01
8.126872197534908970e-01
8.115306325304268986e-01
7.896529922428652259e-01
7.974774536877341502e-01
7.914347571253089741e-01
8.131010338244656355e-01
8.039685090548096547e-01
7.887253414267947349e-01
7.959541744298035404e-01
8.124364395429497510e-01
8.011556862973473470e-01
8.035367315618362483e-01
7.889172939474008439e-01
7.839025896126233794e-01
7.920005326971641946e-01
7.953856464205447674e-01
8.028793096706788868e-01
7.914039454325478840e-01
7.947833615789148265e-01
8.252826346321046058e-01
7.767868524404945019e-01
8.115025970137528244e-01
8.203968481435661708e-01
8.124909789954449790e-01
8.088026211160920242e-01
7.867758548376178052e-01
7.921434760664332053e-01
8.012728790757973618e-01
8.187003637760910113e-01
8.108055474018261988e-01
8.348473099422570876e-01
8.033876358983266242e-01
8.096774496055056947e-01
8.233492227482236414e-01
8.310914074843899213e-01
8.246866477758079128e-01
8.203835465069633237e-01
8.015573255641081918e-01
8.331886242252238839e-01
8.365275760156023477e-01
8.172828217260678096e-01
8.362931420079063871e-01
8.248018006464922225e-01
8.363834458351151468e-01
8.265683189145601739e-01
8.323211354376749416e-01
8.055099717437523843e-01
8.330184269649604234e-01
8.072185457139109399e-01
8.380871880087737980e-01
8.072045024255780632e-01
8.397857136319850646e-01
7.945958781373565483e-01
8.250451377772832773e-01
8.175140181215175827e-01
8.290138397014887861e-01
8.371290495837663270e-01
8.328861804262035484e-01
8.522214411448214566e-01
8.200825356450216486e-01
8.298473644720206766e-01
8.313471309953797128e-01
8.249019390988390210e-01
8.292520143514441333e-01
8.507681283909295233e-01
8.399587564562851494e-01
