7.845989413566231141e-01
7.847833549775121709e-01
7.859389309304656290e-01
7.859620112468871378e-01
7.872150847085673808e-01
7.874278683784136090e-01
7.875707195227186208e-01
7.885724611966993258e-01
7.901382028552642600e-01
7.913813336321283698e-01
7.917993413618044096e-01
7.943221012348385957e-01
7.953643629434704598e-01
7.967222048632157660e-01
7.967523510123258879e-01
7.971209123586618928e-01
7.977486030105153114e-01
7.988916534208342357e-01
7.995612697198138941e-01
8.003509563492507972e-01
8.005112493113833994e-01
8.024940772502346942e-01
8.038824408863662896e-01
8.049616364045404371e-01
8.060030595992999647e-01
8.065766288019571295e-01
8.076412450717074254e-01
8.088544720008571387e-01
8.100909565941636359e-01
8.115465620136044222e-01
8.117017095693837003e-01
8.119808543440302229e-01
8.123140549128853305e-01
8.133429591168511719e-01
8.153112901294338188e-01
8.142836683427494560e-01
8.150526103312797366e-01
8.153085933982842093e-01
8.147444164736280525e-01
8.155610755581249594e-01
