5.296889443762965444e-01 3.137888086799106357e+00
5.294093829703723220e-01 3.138296360408937336e+00
5.293607305763478044e-01 3.138457019496814659e+00
5.294355503850182165e-01 3.138759834775824764e+00
5.291725245928394772e-01 3.138878697639711834e+00
5.291972320271048913e-01 3.138688943915163510e+00
5.292826504556120693e-01 3.138711500838420765e+00
5.296463691906612148e-01 3.138863603456616413e+00
5.294082858884243681e-01 3.138560575628891680e+00
5.293748177420339873e-01 3.138517792739956569e+00
5.290856994979663552e-01 3.138753858457647539e+00
5.290516981626968152e-01 3.138769214205949787e+00
5.292730817823417810e-01 3.138897209860224802e+00
5.291788741863557854e-01 3.138944325085332832e+00
5.286858069401891846e-01 -3.138270892816549029e+00
5.288688726308515831e-01 -3.137968392360840131e+00
5.288607822324568053e-01 -3.138002278856182325e+00
5.288354148176794833e-01 -3.138275321822454611e+00
5.288318970630294658e-01 -3.138285213147994579e+00
5.288671895684744495e-01 -3.138289898338953332e+00
5.282948343452824602e-01 -3.139305618840387613e+00
5.283234251799725500e-01 -3.139789390559723170e+00
5.281978335445471906e-01 -3.140077677531275313e+00
5.281966233984184411e-01 -3.140089613697975679e+00
5.283011374628969747e-01 -3.140189043345605668e+00
5.273436711376183750e-01 -3.139445878226600151e+00
5.283465027564762106e-01 -3.138426234015339045e+00
5.277595453195509378e-01 -3.138746916910877705e+00
5.277599795863284760e-01 -3.138747332570471116e+00
5.277615336796327439e-01 -3.138746436228610825e+00
5.278052518012051886e-01 -3.138763272729280018e+00
5.278325237851084761e-01 -3.138764373604885805e+00
5.278266167355415428e-01 -3.138761222494506953e+00
5.279083692925347071e-01 -3.138593952991358460e+00
5.279427017296481894e-01 -3.138913636831929921e+00
5.279427017296481894e-01 -3.138913636831929921e+00
5.281079962664886329e-01 -3.138901676877053237e+00
5.286203314864350578e-01 -3.138597535125041471e+00
5.286513404063555299e-01 -3.139599482224539884e+00
5.285523811074559486e-01 -3.139705599399315261e+00
5.286016040502929947e-01 -3.140245331280225649e+00
5.287019383468595235e-01 -3.140213843161582030e+00
5.286396752573316871e-01 -3.140392567275178237e+00
5.289651608125081061e-01 -3.139754385066824138e+00
5.286683409185610749e-01 -3.139955054084563990e+00
5.287408798308432800e-01 -3.139809644558828161e+00
5.287475878154083153e-01 -3.140910280335143856e+00
5.287281312240548203e-01 -3.141281869928594261e+00
5.289699798276493725e-01 -3.140618768924398285e+00
5.289686849261258095e-01 -3.140690980414868161e+00
5.289686849261258095e-01 -3.140690980414868161e+00
5.289639264434856658e-01 -3.140707206728373890e+00
5.290457179061346382e-01 -3.140830083582736520e+00
5.289770804820652650e-01 -3.140988855287650150e+00
5.270621835488509266e-01 -3.138458382584705220e+00
5.271633564360147517e-01 -3.138603026077978253e+00
5.273206865452764180e-01 -3.138330528095774508e+00
5.271688379578114425e-01 -3.138363143551890833e+00
5.271328338507418332e-01 -3.138281163224798220e+00
5.270181017274655488e-01 -3.138114095882909016e+00
5.271657482167512176e-01 -3.138363655503062066e+00
5.273133119182356054e-01 -3.138526481018657499e+00
5.274421967685520851e-01 -3.138656058874176757e+00
5.273860891912396376e-01 -3.138792603588758556e+00
5.274266545413818230e-01 -3.138987004587455942e+00
5.276430516994016218e-01 -3.139050736461714841e+00
5.278800032534142206e-01 -3.139437399273298013e+00
5.278743954992937137e-01 -3.139437489179656815e+00
5.278318589054543652e-01 -3.139447595859325091e+00
5.278038936401326930e-01 -3.137736448987225035e+00
5.279610968559133033e-01 -3.137830513585016412e+00
5.274560781723531822e-01 -3.137206300627662703e+00
5.272105551949745061e-01 -3.137255596829885640e+00
5.272394371664496093e-01 -3.137281883230679025e+00
5.271413585869870744e-01 -3.137391605627880331e+00
5.271500073608393899e-01 -3.137400668590885733e+00
5.271290333460232347e-01 -3.137415397072336187e+00
5.268698942988554457e-01 -3.137411156117441813e+00
5.267730308610371059e-01 -3.137941809436990415e+00
5.268987981165770274e-01 -3.137881291275795625e+00
5.261465230996469344e-01 -3.138034646189776122e+00
5.261540720614568123e-01 -3.138036935425292828e+00
5.265093680261432318e-01 -3.136820223305734512e+00
5.265767093500151041e-01 -3.136965743879764901e+00
5.265841304539605749e-01 -3.136900171634955825e+00
5.266110396128886872e-01 -3.135998168477918568e+00
5.265950237227731145e-01 -3.137481202750091569e+00
5.263656173329083199e-01 -3.137458841904299689e+00
5.263545798684886590e-01 -3.137563607778079078e+00
5.263545798684886590e-01 -3.137563607778079078e+00
5.261232953641306054e-01 -3.137829804312032067e+00
5.261017169505713964e-01 -3.137784220487743525e+00
5.261050900355012105e-01 -3.137801846684721063e+00
5.261192321087536650e-01 -3.138174585701329455e+00
5.262960127435302171e-01 -3.138119929327093161e+00
5.262500059020415177e-01 -3.138008622043401363e+00
5.261617329404046917e-01 -3.137939938916835647e+00
5.260257474063078087e-01 -3.137981201985671209e+00
5.264541299653113793e-01 -3.139071388500006332e+00
5.264552624491373178e-01 -3.139075965223980358e+00
5.264119166037253272e-01 -3.139113716809541543e+00
5.267303630075861332e-01 -3.139427468092716111e+00
5.266841512100756129e-01 -3.139349771506225295e+00
5.267295666873064164e-01 -3.139372090651520342e+00
5.267402486051288024e-01 -3.139460658288198758e+00
5.268414012989258710e-01 -3.138815218293727671e+00
5.263353413606892683e-01 -3.138674541222413072e+00
5.264639718628474352e-01 -3.138368217771569491e+00
5.267618853191406991e-01 -3.138221097777452950e+00
5.267736095973379884e-01 -3.138764971727847630e+00
5.263616812738040052e-01 -3.138743923027885074e+00
5.262363940555951913e-01 -3.137082549542844490e+00
5.266252113629952269e-01 -3.136767203219843925e+00
5.266252113629952269e-01 -3.136767203219843925e+00
5.262797665206114806e-01 -3.136385764180647406e+00
5.258879034828175536e-01 -3.135397777852722445e+00
5.258805942810420575e-01 -3.135486713818715465e+00
5.258792883873948387e-01 -3.135500609620499812e+00
5.258735789020686502e-01 -3.135611466310949336e+00
5.258689152968071268e-01 -3.135788982734641461e+00
5.255657926744219388e-01 -3.135921482782226377e+00
5.255657926744219388e-01 -3.135921482782226377e+00
5.250186502667810728e-01 -3.135964471584372859e+00
5.249029650106643574e-01 -3.136115271214236611e+00
5.247746732664880787e-01 -3.135961339330613828e+00
5.242845527936127459e-01 -3.135877966029896768e+00
5.237859047258596190e-01 -3.135988774438586368e+00
5.237132027612049212e-01 -3.134726292390406677e+00
5.237540069693298328e-01 -3.135572485586719527e+00
5.237601442207334701e-01 -3.135572184329709078e+00
5.236903337029505945e-01 -3.135604355709835200e+00
5.236665512959922664e-01 -3.135689537874359001e+00
5.238177140926967290e-01 -3.137308064827944332e+00
5.238358211409703813e-01 -3.137415728093973399e+00
5.237106475826404095e-01 -3.137766235067827925e+00
5.233569389677629191e-01 -3.138386736708371760e+00
5.235497831307355243e-01 -3.138778806970231372e+00
5.233051192082940339e-01 -3.139530891792519984e+00
5.233051192082940339e-01 -3.139530891792519984e+00
5.233341101299417986e-01 -3.139590479990371996e+00
5.234209809744518882e-01 -3.139578486461196416e+00
5.226307882846114028e-01 -3.138630441123686499e+00
5.232882748126748140e-01 -3.138960247256109337e+00
5.229189757925902793e-01 -3.138650228561180811e+00
5.230262984551685701e-01 -3.138667237587364767e+00
5.229123791498538898e-01 -3.138713245487907866e+00
5.229201047871064878e-01 -3.138843368728016170e+00
5.229228943169595967e-01 -3.138856667905280062e+00
5.228363130092763544e-01 -3.139001375749745471e+00
5.224807580885906244e-01 -3.139291233226769506e+00
5.225013623052056078e-01 -3.139287078937393449e+00
5.225013623052056078e-01 -3.139287078937393449e+00
5.225337808069369094e-01 -3.139300002740273321e+00
5.227847437136291520e-01 -3.139113218721703014e+00
5.227718051259685472e-01 -3.139155078368049967e+00
5.227691228926920619e-01 -3.139180696874221965e+00
5.227442446699944734e-01 -3.139468449547501816e+00
5.227269533868686979e-01 -3.139529392691784437e+00
5.227269533868686979e-01 -3.139529392691784437e+00
5.226934184610224632e-01 -3.139524011622299771e+00
5.227570227583525631e-01 -3.139824765009664009e+00
5.228387529590690086e-01 -3.139890959535963866e+00
5.225300931426979378e-01 -3.139773720783276101e+00
5.225294372862870906e-01 -3.140028964621095042e+00
5.223658846849686954e-01 -3.140950363780282029e+00
5.223691814058079030e-01 -3.140276071839175120e+00
5.223780029056181995e-01 -3.140366512260003962e+00
5.223800682457323541e-01 -3.140367962615965958e+00
5.222562959981947861e-01 -3.140240208539282651e+00
5.223949317915058677e-01 -3.140368971389782438e+00
5.223177626706122512e-01 -3.139900106240452793e+00
5.224756994310811864e-01 -3.139996033155779465e+00
5.224859951533716851e-01 -3.140475117753066314e+00
5.223620331095607527e-01 -3.140715202788712634e+00
5.225451947693398047e-01 -3.139819258265312829e+00
5.225441845887058845e-01 -3.139831414297637568e+00
5.225657163481313150e-01 -3.140727597954716455e+00
5.216353958866836171e-01 -3.140045221360860506e+00
5.215759569374720517e-01 -3.140130522171056260e+00
5.215898454837841758e-01 -3.140134651206813565e+00
5.215898454837841758e-01 -3.140134651206813565e+00
5.215231791276073725e-01 -3.140349965433621104e+00
5.223672714208188461e-01 -3.139405344779965468e+00
5.222278642233580959e-01 -3.139252457402751162e+00
5.220639035606440270e-01 -3.139631393679446436e+00
5.217151776297075383e-01 -3.138844610399435187e+00
5.221190376665147959e-01 -3.138838347251697858e+00
5.220557954920058696e-01 -3.139151464226472843e+00
5.220405479160773465e-01 -3.139220761185024244e+00
5.220405479160773465e-01 -3.139220761185024244e+00
5.218906493874252428e-01 -3.139181750135440652e+00
5.214930760136691212e-01 -3.139189828913460101e+00
5.215024400519295833e-01 -3.139263481028249370e+00
5.215034460946237349e-01 -3.138398604377842460e+00
5.214862054029534288e-01 -3.138411273481817254e+00
5.214863334421367957e-01 -3.138411620491805110e+00
5.213372918731342676e-01 -3.138904864085565460e+00
5.214261794255351523e-01 -3.139005440673804603e+00
5.214309180570729785e-01 -3.139000958656729345e+00
5.217004121907746761e-01 -3.138794361261060040e+00
5.218630741747182222e-01 -3.138816474267722700e+00
5.217102113396533403e-01 -3.138946181879144870e+00
5.216706034942488746e-01 -3.139281005834913429e+00
5.217153515725017066e-01 -3.139116992735622169e+00
5.218912787027460976e-01 -3.139074813708117695e+00
5.219125611331451031e-01 -3.139398424156922385e+00
5.218254217232798364e-01 -3.139549849732834019e+00
5.218476197452311949e-01 -3.139881408650432526e+00
5.218556937135486740e-01 -3.139898639661428348e+00
5.217780819664022962e-01 -3.140184106144864096e+00
5.217544360547836657e-01 -3.140188588005354386e+00
5.216963345963209209e-01 -3.138327562679817717e+00
5.217232517733166874e-01 -3.138294229490810494e+00
5.217350172372988704e-01 -3.138385512853495651e+00
5.221660092041403578e-01 -3.137869127026083227e+00
5.220732203631965884e-01 -3.138603887003446946e+00
5.215023342223542580e-01 -3.137415324417732077e+00
5.214997854975637059e-01 -3.137498206261259082e+00
5.216760782099922888e-01 -3.136346112442159217e+00
5.218219043655453193e-01 -3.136665485513971952e+00
5.222032494723648499e-01 -3.135941538146080010e+00
5.222823845606046067e-01 -3.136281539144500474e+00
5.222414862633605326e-01 -3.136306937616767598e+00
5.222443270541660132e-01 -3.136305098571150474e+00
5.221712891492130693e-01 -3.136297265522388411e+00
5.214455936690168825e-01 -3.133671092250054357e+00
5.215622162757790337e-01 -3.133799123051620672e+00
5.216538758057157610e-01 -3.133758277806943937e+00
5.217319437744544208e-01 -3.133807488622357251e+00
5.217803299930964256e-01 -3.133845950786759982e+00
5.217832466843653760e-01 -3.133840771876970077e+00
5.220400376772181827e-01 -3.133635350982640677e+00
5.220437997837775734e-01 -3.133641426894091531e+00
5.218884705880180164e-01 -3.133824396707826754e+00
5.217157808250787454e-01 -3.133202713497705627e+00
5.220284437945217348e-01 -3.132995137969880606e+00
5.220604462943477797e-01 -3.133515238794827074e+00
5.220508717826970457e-01 -3.133518382622890730e+00
5.220429092726311948e-01 -3.133569424990406471e+00
5.220196328247482809e-01 -3.133785842533431509e+00
5.221277485513849959e-01 -3.133748808150497833e+00
5.220840691073714845e-01 -3.133551556315838038e+00
5.221115077267076687e-01 -3.132875483176152720e+00
5.221114899527211639e-01 -3.132881939196083376e+00
5.221884145277918554e-01 -3.133311850385107178e+00
5.220532485320175109e-01 -3.133844940576897997e+00
5.220335968022521422e-01 -3.133896028694179048e+00
5.220046464537052566e-01 -3.133955350277002783e+00
5.218976056949501396e-01 -3.134203539339025291e+00
5.219429597524181119e-01 -3.133324332473123253e+00
5.219263991208435982e-01 -3.133475120217680931e+00
5.222693507192472939e-01 -3.132923758704570183e+00
5.222758095557759050e-01 -3.132933674947195879e+00
5.222470744602639714e-01 -3.132932653339599582e+00
5.222214118123122972e-01 -3.132892567207128387e+00
5.218977072775167203e-01 -3.133207789614727012e+00
5.216938887480057074e-01 -3.133185891386164990e+00
5.214320424024927458e-01 -3.132976211762808383e+00
5.214657271227569613e-01 -3.133013441200164895e+00
5.214829965391398758e-01 -3.133032218704339122e+00
5.215027079362132278e-01 -3.133046765825693303e+00
5.215890417813148217e-01 -3.133159313689785730e+00
5.218366882420470976e-01 -3.132899116844518606e+00
5.218704711860061574e-01 -3.130944327000851235e+00
5.219198055932707803e-01 -3.130987480849873439e+00
5.218631151139244695e-01 -3.130762679867383547e+00
5.218706199222290509e-01 -3.130934235715928438e+00
5.217180552472533428e-01 -3.130606022078297634e+00
5.216901229712015420e-01 -3.130833037334476820e+00
5.217701550298666779e-01 -3.131160903006436236e+00
5.217747214886196971e-01 -3.131156066857234244e+00
5.217231197864744541e-01 -3.131303049187479370e+00
5.216548104091149884e-01 -3.131596184559614304e+00
5.218936849497169961e-01 -3.130286183016916635e+00
5.217920768974141366e-01 -3.130209519717891631e+00
5.218269474434318322e-01 -3.130434107007481259e+00
5.218231726161105533e-01 -3.130467720781981100e+00
5.218344568739279321e-01 -3.130499620780450076e+00
5.221844349172515276e-01 -3.128943840700232570e+00
5.219438995741429999e-01 -3.129357802029824942e+00
5.219238549340448063e-01 -3.129216726663139436e+00
5.219219398461378834e-01 -3.129251340244152413e+00
5.219241619704523272e-01 -3.129487901143916062e+00
5.218931579608093729e-01 -3.129258018667903762e+00
5.218931579608093729e-01 -3.129258018667903762e+00
5.218931579608093729e-01 -3.129258018667903762e+00
5.218880635552382019e-01 -3.129204849311614023e+00
5.218813549730323409e-01 -3.127958115539075212e+00
5.213637743439341055e-01 -3.127730273956370155e+00
5.213497605830258452e-01 -3.128019525143987067e+00
5.213321248150716292e-01 -3.128234476063805669e+00
5.217174055102188346e-01 -3.127577393843972597e+00
5.216843654211623660e-01 -3.127554197486446697e+00
5.215140126903669016e-01 -3.127843759794131540e+00
5.208461225301231901e-01 -3.128779331074799330e+00
5.206949648219090232e-01 -3.128960957930398745e+00
5.207198578374069298e-01 -3.128958194336945109e+00
5.208528044880664787e-01 -3.129228328788004720e+00
5.214337411771373665e-01 -3.128044018792484060e+00
5.215876755510234775e-01 -3.128304797951073635e+00
5.218148507491134902e-01 -3.128577140509505750e+00
5.217294599215603901e-01 -3.128559680927120112e+00
5.220258842971422508e-01 -3.128382392764987419e+00
5.219204774881079922e-01 -3.128363445566764156e+00
5.219074942869916800e-01 -3.128624874029321656e+00
5.220018704955624589e-01 -3.129005579779631230e+00
5.220806434277075470e-01 -3.127123431128045361e+00
5.220968001005098502e-01 -3.127134872525600962e+00
5.220968001005098502e-01 -3.127134872525600962e+00
5.220722596388275294e-01 -3.127336419618333974e+00
5.220826182138573746e-01 -3.127647826718491508e+00
5.221156198143108718e-01 -3.127557832705061713e+00
5.209210651137110570e-01 -3.125990741438379850e+00
5.208428332878894951e-01 -3.126950483927284807e+00
5.205377915058426730e-01 -3.127805308955225350e+00
5.205377915058426730e-01 -3.127805308955225350e+00
5.203057853712996783e-01 -3.127652578659348315e+00
5.202847117258249110e-01 -3.128033725825507982e+00
5.201129109606936751e-01 -3.128090437796142265e+00
5.203326387863265179e-01 -3.128207575350673064e+00
5.204589575676207280e-01 -3.128159821809762153e+00
5.205240388060001777e-01 -3.128126319250087217e+00
5.206352465916023187e-01 -3.127859322847047707e+00
5.206007834228357778e-01 -3.128390642281715817e+00
5.206124850227306089e-01 -3.129304980693567995e+00
5.206511957193131757e-01 -3.129307459218280130e+00
5.206506446409162603e-01 -3.129309027447506164e+00
5.206441754461654803e-01 -3.129318358898585561e+00
5.206432606741835389e-01 -3.129331764067650568e+00
5.207796615496863568e-01 -3.129686227069627513e+00
5.207515554831185778e-01 -3.129991292276240955e+00
5.205390825174742719e-01 -3.130086462353561139e+00
5.204692608620840044e-01 -3.129844703416273966e+00
5.203998997176766395e-01 -3.129873932855519847e+00
5.203134803118554252e-01 -3.130161644784073882e+00
5.203890483753093044e-01 -3.130263313731167951e+00
5.198367486756039213e-01 -3.130053290415647282e+00
5.198574250569296673e-01 -3.130090288288079226e+00
5.198615430765902712e-01 -3.130094733045674094e+00
5.199787086262348534e-01 -3.130291008964484867e+00
5.199468507045628130e-01 -3.130169976752129823e+00
5.198273884041137993e-01 -3.130216757587208853e+00
5.197900498986121054e-01 -3.130239810584832139e+00
5.197877528476899656e-01 -3.130283624657778319e+00
5.198036543448820712e-01 -3.129741391222278679e+00
5.198061894483454459e-01 -3.129719300999567189e+00
5.197085231432403418e-01 -3.128374906092205698e+00
5.197184594369573807e-01 -3.128356100749834390e+00
5.196851220846507857e-01 -3.128369612299452651e+00
5.196480586052096839e-01 -3.128402265688453809e+00
5.198141906515992838e-01 -3.127867791863785385e+00
5.197825674237711580e-01 -3.128119704590190064e+00
5.203911579445480440e-01 -3.128209179936261464e+00
5.204151683298466891e-01 -3.128644999718657171e+00
5.203079922012100456e-01 -3.129237270148393701e+00
5.203731613193272043e-01 -3.129813096571556930e+00
5.202900153588209120e-01 -3.129766196623759100e+00
5.203357634593258618e-01 -3.129747204780903846e+00
5.203064816849075624e-01 -3.130022435762864763e+00
5.203162078402218116e-01 -3.130048639425790036e+00
5.203522449352180335e-01 -3.130046921831894480e+00
5.203564239131818203e-01 -3.130053201968513665e+00
5.199357814071785544e-01 -3.130193637208553703e+00
5.194311528461782457e-01 -3.131086094578683809e+00
5.196124512488800029e-01 -3.130921342388843343e+00
5.192071684513207552e-01 -3.130827724593878258e+00
5.192071684513207552e-01 -3.130827724593878258e+00
5.192071684513207552e-01 -3.130827724593878258e+00
5.192154116386916707e-01 -3.130842352214856739e+00
5.193513705802051961e-01 -3.130705351760695088e+00
5.191897089452260916e-01 -3.130664962995425515e+00
5.192396617212762244e-01 -3.130810870861695072e+00
5.189491203894587290e-01 -3.130317844222954449e+00
5.190169540141309490e-01 -3.130776453649128932e+00
5.191369272824787329e-01 -3.130812797686992166e+00
5.192484659580000050e-01 -3.130854676137315717e+00
5.192592081712602559e-01 -3.130885473754209336e+00
5.197945318264187708e-01 -3.129656103264546907e+00
5.198918033022015273e-01 -3.129654198589164160e+00
5.202931138750085394e-01 -3.129505012550295451e+00
5.205137964980969256e-01 -3.129797709030205599e+00
5.204629360546866312e-01 -3.129026075493755332e+00
5.201696770500215949e-01 -3.129202382211269562e+00
5.201775955293433951e-01 -3.129259796240897007e+00
5.202137498924593872e-01 -3.129110828244512366e+00
5.202304560688993940e-01 -3.129334812782649244e+00
5.199805944071570485e-01 -3.129283635137888986e+00
5.200571003719756114e-01 -3.129067099877379299e+00
5.201091709199422430e-01 -3.128604872928603786e+00
5.201235928857691482e-01 -3.128590392218413285e+00
5.201380327615399146e-01 -3.128658937623803205e+00
5.201354078921379687e-01 -3.128659203011642020e+00
5.202050821309492923e-01 -3.129164142820052952e+00
5.202283894128134634e-01 -3.129242897225518405e+00
5.202009518561760970e-01 -3.129451182276016930e+00
5.201936825250659258e-01 -3.129743956057605470e+00
5.196906976253817811e-01 -3.129488044742302577e+00
5.197592774390886738e-01 -3.129346799274238755e+00
5.197567417555261082e-01 -3.129348231301319672e+00
5.197567417555261082e-01 -3.129348231301319672e+00
5.201310829576774042e-01 -3.128760683731187431e+00
5.201663840393855320e-01 -3.128949150373719235e+00
5.201589943137584493e-01 -3.129054427239022829e+00
5.199740606169475088e-01 -3.127978393664994972e+00
5.199406334062762758e-01 -3.128317324278294453e+00
5.199433275970618551e-01 -3.128316700242835591e+00
5.198780363086739076e-01 -3.128470850082177179e+00
5.198962522874869263e-01 -3.128503400892765907e+00
5.199031264856432966e-01 -3.128503070875734871e+00
5.199031264856432966e-01 -3.128503070875734871e+00
5.199031264856432966e-01 -3.128503070875734871e+00
5.196915397858503649e-01 -3.128748500789751308e+00
5.201783606146026528e-01 -3.127642023461076004e+00
5.201798581145179456e-01 -3.127803739484373846e+00
5.203142124648890698e-01 -3.125796848931476468e+00
5.200034809004764336e-01 -3.122617996836983600e+00
5.199533035207127840e-01 -3.122655933017318475e+00
5.199515421336121657e-01 -3.122713192334344523e+00
5.199489163593684626e-01 -3.122714795271563482e+00
5.199489163593684626e-01 -3.122714795271563482e+00
5.198119842709331140e-01 -3.122282553692972584e+00
5.197460888974683169e-01 -3.120715031528466188e+00
5.193777792612634947e-01 -3.122355081298997526e+00
5.192738719924612223e-01 -3.123005870278328544e+00
5.192064013753303620e-01 -3.123257926451162625e+00
5.191010207801477483e-01 -3.123125601198652568e+00
5.184851907293678286e-01 -3.123749558545162230e+00
5.183003742709237915e-01 -3.123343298515571576e+00
5.176456079339453176e-01 -3.121643677229734237e+00
5.175715161282543608e-01 -3.121617535560180290e+00
5.175742884032002999e-01 -3.121708894353636410e+00
5.176304508978506469e-01 -3.121192390059984056e+00
5.176297005594404643e-01 -3.121204390796596506e+00
5.177776244943388395e-01 -3.120981641720324440e+00
5.178059203708307301e-01 -3.121246559534371023e+00
5.180248633181754325e-01 -3.121773713814111506e+00
5.173763393470331984e-01 -3.123118778418178643e+00
5.174291345705266387e-01 -3.123247595145320243e+00
5.169483648439833212e-01 -3.122225619121442364e+00
5.170821566994842078e-01 -3.123470993998638701e+00
5.171874989308460346e-01 -3.123696690079035498e+00
5.170861340893858626e-01 -3.123141365534447100e+00
5.169876294847510767e-01 -3.123520481108652103e+00
5.171225190618300438e-01 -3.123973386636273997e+00
5.171196699264691832e-01 -3.124098954251495641e+00
5.171605566062811299e-01 -3.124156931946735050e+00
5.170344327541517293e-01 -3.124578036319948904e+00
5.172446856392364234e-01 -3.122682013574598070e+00
5.174349263395033871e-01 -3.122987215423708829e+00
5.177185274250831748e-01 -3.122873771863889036e+00
5.176353004908328392e-01 -3.123224031065723771e+00
5.170735913688909724e-01 -3.123390782191022730e+00
5.170648315127739370e-01 -3.123405814369863531e+00
5.170740460644268621e-01 -3.123675405368406821e+00
5.172965264692969134e-01 -3.123732357807242455e+00
5.180213900304176944e-01 -3.123301075830013485e+00
5.180132743843800514e-01 -3.123321228863968457e+00
5.180050449682894742e-01 -3.123346551345462352e+00
5.180053648248518217e-01 -3.123346784901722906e+00
5.180053648248518217e-01 -3.123346784901722906e+00
5.180053648248518217e-01 -3.123346784901722906e+00
5.180053648248518217e-01 -3.123346784901722906e+00
5.179723113300984672e-01 -3.123395910650106355e+00
5.177318222500385536e-01 -3.123887926213743338e+00
5.182513986281002127e-01 -3.122998853685353460e+00
5.183035527708489409e-01 -3.122862854861756077e+00
5.183159797906802257e-01 -3.122869577346205183e+00
5.183167566805448878e-01 -3.123235275166092340e+00
5.182583222901342435e-01 -3.123140633172450276e+00
5.182583222901342435e-01 -3.123140633172450276e+00
5.181997011403068898e-01 -3.123403433937269380e+00
5.179625522267236049e-01 -3.123371906206848347e+00
5.181078949997965921e-01 -3.123512285325794391e+00
5.180816191278642124e-01 -3.120988684221281950e+00
5.182815023617031169e-01 -3.120966274690158748e+00
5.175810377900088577e-01 -3.120840144922873538e+00
5.174621372893457583e-01 -3.121264935662639406e+00
5.173303685467121049e-01 -3.121990480813460866e+00
5.178663805853590540e-01 -3.121473860711031278e+00
5.180221918517279311e-01 -3.121551121913364479e+00
5.178597945186476093e-01 -3.121500002462259893e+00
5.177901461783934733e-01 -3.121548609948925801e+00
5.178137402704808823e-01 -3.121720548339570911e+00
5.178120072124197115e-01 -3.121730436755007165e+00
5.179209617270243982e-01 -3.121790808908811332e+00
5.177375989725206962e-01 -3.121583171207954699e+00
5.174504101573716985e-01 -3.121562366291326995e+00
5.173470137107388789e-01 -3.120224298494694626e+00
5.189828248174361836e-01 -3.119795212724975286e+00
5.190453345725764001e-01 -3.119792780472016247e+00
5.192821265231228889e-01 -3.120463209680135908e+00
5.192821265231228889e-01 -3.120463209680135908e+00
5.192818391661591093e-01 -3.120463086971127176e+00
5.192799464678414800e-01 -3.120453731741560155e+00
5.194775255104044920e-01 -3.119666187467697416e+00
5.195879421026687872e-01 -3.119803140462119817e+00
5.193138964191160722e-01 -3.119436555592784543e+00
5.193856627375597057e-01 -3.119395266184613824e+00
5.194803606559805775e-01 -3.119679426993098303e+00
5.198202174548117727e-01 -3.121518119070092023e+00
5.197775555540219417e-01 -3.121639351414726260e+00
5.197975092683013720e-01 -3.121756577599117399e+00
5.198344593354803367e-01 -3.121773961656181040e+00
5.198452600877151442e-01 -3.121780982527072812e+00
5.198375028391815089e-01 -3.121750739024751198e+00
5.198375028391815089e-01 -3.121750739024751198e+00
5.198990773967504531e-01 -3.121217433374023908e+00
5.199356355049542522e-01 -3.121380929607965093e+00
5.194740079566239066e-01 -3.121660175695235129e+00
5.195595890303589259e-01 -3.121596135447765707e+00
5.194561973498686980e-01 -3.120671747080031366e+00
5.188547271593134669e-01 -3.121442382952029693e+00
5.189793378316035488e-01 -3.121879294391135318e+00
5.189380902788954808e-01 -3.122409635193828414e+00
5.186067390184990744e-01 -3.122353487299753816e+00
5.186060171857427292e-01 -3.122708013747792055e+00
5.185922906036600777e-01 -3.122759357325840757e+00
5.183045100636776148e-01 -3.122464221327586831e+00
5.184234649262722261e-01 -3.122654061532651681e+00
5.184599366402063980e-01 -3.123019414964995022e+00
5.184257538110773611e-01 -3.123096903016967740e+00
5.184257538110773611e-01 -3.123096903016967740e+00
5.184937702622598454e-01 -3.123062415634288325e+00
5.184526785865924969e-01 -3.123232497964463228e+00
5.184757090875654617e-01 -3.123262195772269489e+00
5.184915839573062124e-01 -3.123292663137076985e+00
5.184934984608025044e-01 -3.123447562242339881e+00
5.183237248877790027e-01 -3.124109616002340495e+00
5.183025353064671936e-01 -3.122483504368943397e+00
5.167982106090043271e-01 -3.122593670233215324e+00
5.167810635332065194e-01 -3.122385506464671057e+00
5.166857185969511157e-01 -3.123011257646536976e+00
5.167140662411576768e-01 -3.123060426827848346e+00
5.167258834786024879e-01 -3.123073018770567977e+00
5.167040402756637452e-01 -3.123082400543346182e+00
5.169866263242296478e-01 -3.122993408141543359e+00
5.169866263242296478e-01 -3.122993408141543359e+00
5.170187758082138707e-01 -3.122314037738217696e+00
5.175326560131535691e-01 -3.121381376495485860e+00
5.175466519459855919e-01 -3.121722172327553668e+00
5.178673305356374934e-01 -3.121852883377444154e+00
5.179395178727159710e-01 -3.121987891956243821e+00
5.179162852843948173e-01 -3.122179848315335793e+00
5.172691212957922779e-01 -3.121919908658601805e+00
5.171105663420311194e-01 -3.121582432937015650e+00
5.171617536889995259e-01 -3.118768946032461908e+00
5.170810185700412953e-01 -3.118958047860959759e+00
5.171877225393975985e-01 -3.118935140757739699e+00
5.171885059465601842e-01 -3.118933951881572408e+00
5.172979846773755330e-01 -3.119117699528211052e+00
5.171457021362770856e-01 -3.118432645888138843e+00
5.175319285295346683e-01 -3.118295834336548999e+00
5.175738575964569099e-01 -3.118241668442186310e+00
5.175242963322446155e-01 -3.118430427858547294e+00
5.175019940457142864e-01 -3.119321114513999849e+00
5.177832699156058593e-01 -3.119139528519202287e+00
5.177921093597362967e-01 -3.119227805029141987e+00
5.177190523492777308e-01 -3.119585263483155568e+00
5.176768257170960563e-01 -3.119498079754836617e+00
5.176348116079159123e-01 -3.119497545159859886e+00
5.175653386806698952e-01 -3.119449640863325879e+00
5.176496389921402264e-01 -3.119730433199694009e+00
5.176376553176078588e-01 -3.119771971145677281e+00
5.176411166451613255e-01 -3.119911575445780905e+00
5.176411731003931482e-01 -3.119912502240804297e+00
5.174532789020224177e-01 -3.120018283000637105e+00
5.173952202163483172e-01 -3.120180815397184393e+00
5.173008330760554552e-01 -3.120554772222448037e+00
5.173668288709252217e-01 -3.120550178562878862e+00
5.171721761163661224e-01 -3.122449413198476798e+00
5.169553823373800316e-01 -3.123486536252503498e+00
5.168214679163294356e-01 -3.122961004900745685e+00
5.167898542542064266e-01 -3.122985210317626770e+00
5.166985837940141213e-01 -3.122868545471098933e+00
5.165893000210138863e-01 -3.123301310303377321e+00
5.166144400419658833e-01 -3.123579311163476646e+00
5.167889004188911395e-01 -3.123690753919543539e+00
5.160519493151728421e-01 -3.123939251262788819e+00
5.161753910086853692e-01 -3.123952336166407218e+00
5.155552015547277822e-01 -3.123865002169805560e+00
5.147009137742538654e-01 -3.124447836229149900e+00
5.147141153983080253e-01 -3.124773842248896649e+00
5.143921280975440880e-01 -3.124795160104250069e+00
5.138581202582553908e-01 -3.123003683828708965e+00
5.138377256989735686e-01 -3.123112367023336056e+00
5.138414668201353175e-01 -3.123116464774150725e+00
5.138305107478675637e-01 -3.123294496599280379e+00
5.138679338686233944e-01 -3.123881763296795455e+00
5.140064648961252258e-01 -3.123932994365881122e+00
5.146118022124613889e-01 -3.124184150487419931e+00
5.146028849496604440e-01 -3.124241908071734297e+00
5.141272846963550469e-01 -3.125980828669716161e+00
5.141229594465622776e-01 -3.126591024493778459e+00
5.143655570943631572e-01 -3.126549639085221433e+00
5.143309840222725082e-01 -3.126610402639306674e+00
5.146319897797522191e-01 -3.126734384975204950e+00
5.151079971592791296e-01 -3.126320834023849304e+00
5.153244719852867473e-01 -3.126342893366448994e+00
5.154097147738135876e-01 -3.126119784131359935e+00
5.154098741031314379e-01 -3.126119790514660046e+00
5.154114405803540411e-01 -3.126121267572834039e+00
5.154114405803540411e-01 -3.126121267572834039e+00
5.153001478117643641e-01 -3.126236211251037123e+00
5.153107221187656073e-01 -3.125808484539868815e+00
5.152586145844587628e-01 -3.126155529063148641e+00
5.152678270200504729e-01 -3.126205064481919926e+00
5.152728525247497471e-01 -3.126217394397170946e+00
5.152911223465020951e-01 -3.126243086274710148e+00
5.153220725293115034e-01 -3.126221459357027666e+00
5.153266777678051636e-01 -3.126214649688137115e+00
5.153164650361140575e-01 -3.125965599109104875e+00
5.153348311343902699e-01 -3.126011533893297223e+00
5.151464337700771834e-01 -3.126065621044477272e+00
5.150946715358650785e-01 -3.126381193324349272e+00
5.153228476269338110e-01 -3.127903371863160142e+00
5.141891987329839653e-01 -3.128489346373884317e+00
5.142277957128996713e-01 -3.128460078307512493e+00
5.145931922204535214e-01 -3.127244505866545676e+00
5.146011798055746267e-01 -3.127247130184168888e+00
5.145265798552804970e-01 -3.127046468813464042e+00
5.145484423752608727e-01 -3.127101554523516569e+00
5.146797861554835984e-01 -3.126885022769386957e+00
5.143541503785004076e-01 -3.125787607920856637e+00
5.142877863077488509e-01 -3.126314516382355357e+00
5.145744639319780322e-01 -3.126184875785844586e+00
5.144731442171911473e-01 -3.125236673666658582e+00
5.137793493883920926e-01 -3.123349026866907518e+00
5.137028084463423072e-01 -3.123378226117992540e+00
5.134639568741099502e-01 -3.124698282498865609e+00
5.134839032966115324e-01 -3.124648106970410844e+00
5.135203178276690483e-01 -3.124666530689999888e+00
5.135216651913790953e-01 -3.124680020601382946e+00
5.135230423298494662e-01 -3.124707699349123402e+00
5.132749786530945713e-01 -3.124564897833474575e+00
5.133131110175880307e-01 -3.124908857660692263e+00
5.131401814854803511e-01 -3.125548036235282545e+00
5.126375517493686473e-01 -3.125880135721364361e+00
5.126588153596691733e-01 -3.125829353850785086e+00
5.127885213094900418e-01 -3.126286028789147853e+00
5.127590131300208132e-01 -3.126432528461647653e+00
5.127541472113040788e-01 -3.126481892230105863e+00
5.128626071944433207e-01 -3.126196234321152456e+00
5.126032350894559331e-01 -3.126182736404120366e+00
5.126627245534487454e-01 -3.126243473871540335e+00
5.122321706157694221e-01 -3.126378334838228579e+00
5.116473930519935820e-01 -3.126270378472971512e+00
5.118525599549857974e-01 -3.123655438501465653e+00
5.117754280800919098e-01 -3.125318540165055392e+00
5.119540378990155016e-01 -3.125796677852351380e+00
5.123986017131031412e-01 -3.126817309748725293e+00
5.123342333176246211e-01 -3.126811446907373337e+00
5.121055695626320903e-01 -3.127383503072560522e+00
5.120428044858575944e-01 -3.127352547995055243e+00
5.120521682968766086e-01 -3.127383635764065417e+00
5.117573197259720486e-01 -3.127263770300649615e+00
5.117559495500946243e-01 -3.127260909632191499e+00
5.117510178572508561e-01 -3.127264630997781403e+00
5.118147593590918198e-01 -3.127270125495634545e+00
5.117124803296730917e-01 -3.127276126845829562e+00
5.117148475365519422e-01 -3.124336913122750747e+00
5.117831730613910945e-01 -3.123124599809676383e+00
5.118666362323004426e-01 -3.123129561576327706e+00
5.106651299922578824e-01 -3.122840509673501241e+00
5.106911075011802970e-01 -3.121858453467134087e+00
5.107306680205425664e-01 -3.122017135036969648e+00
5.107704841829873166e-01 -3.122338769853374441e+00
5.109884259228727466e-01 -3.123371568332601989e+00
5.113726151842377110e-01 -3.123236255507760184e+00
5.116641550598669541e-01 -3.124713965392124759e+00
5.114832142570164830e-01 -3.124745830423425463e+00
5.113978454155259090e-01 -3.124748620179389480e+00
5.113978076260741190e-01 -3.124748895728350906e+00
5.113978076260741190e-01 -3.124748895728350906e+00
5.113978076260741190e-01 -3.124748895728350906e+00
5.113978076260741190e-01 -3.124748895728350906e+00
5.113757191433092597e-01 -3.125058194029138647e+00
5.113017016790030178e-01 -3.125193725901918462e+00
5.106921931063446163e-01 -3.125026893714487386e+00
5.108834317921158164e-01 -3.125801935041215174e+00
5.108612543490189672e-01 -3.125953476733507763e+00
5.108114616904958494e-01 -3.126339384703703761e+00
5.109228562584735567e-01 -3.126369007768879715e+00
5.108508147877446337e-01 -3.126440227742024014e+00
5.112334209114375305e-01 -3.125889054696021851e+00
5.111991568997735769e-01 -3.126018096924822132e+00
5.112016494414957091e-01 -3.126335714269256272e+00
5.112197992803227953e-01 -3.126372208975654488e+00
5.112204609704907865e-01 -3.126371826308627533e+00
5.113737704818868135e-01 -3.125563884319466190e+00
5.112853936772773222e-01 -3.124624549873452395e+00
5.115163685012880102e-01 -3.123663889825151863e+00
5.115249307245840482e-01 -3.123715130657469974e+00
5.114868667042284933e-01 -3.125061851516418354e+00
5.117630080114917712e-01 -3.125235414537347545e+00
5.119973930435667286e-01 -3.125620761399484415e+00
5.119202076316948791e-01 -3.125466164794199031e+00
5.116547980221910485e-01 -3.125803373772336524e+00
5.116551999247002103e-01 -3.125798483574566244e+00
5.115922158278972676e-01 -3.126136725518194215e+00
5.120489063190892809e-01 -3.125092767876529898e+00
5.119712548664042684e-01 -3.125202112029277224e+00
5.120306509529424233e-01 -3.125111870127649016e+00
5.120860375418749832e-01 -3.125527919881935901e+00
5.120756078244543819e-01 -3.125572668030521140e+00
5.121263809120719657e-01 -3.125582401873226335e+00
5.120817632811455189e-01 -3.125577361197945603e+00
5.120674794746690184e-01 -3.125620993580560114e+00
5.120717375490460022e-01 -3.125792073369654478e+00
5.120920111820520537e-01 -3.125643767485942970e+00
5.116382443488045606e-01 -3.125177396214720016e+00
5.116638662396186810e-01 -3.125451267420569668e+00
5.118299180069919574e-01 -3.125776319452234553e+00
5.118504976217997937e-01 -3.126049324020084175e+00
5.116897527224582021e-01 -3.126174555346624473e+00
5.118364974183364779e-01 -3.125554143653696215e+00
5.117782137165493017e-01 -3.125780597418223561e+00
5.116407122429093013e-01 -3.125880663408971305e+00
5.115033108833562103e-01 -3.125295669792661712e+00
5.112459846457431123e-01 -3.126196824574414723e+00
5.110583440391626153e-01 -3.127172723571575386e+00
5.106195569525320277e-01 -3.126774027068051076e+00
5.103397441638592991e-01 -3.127484309916336969e+00
5.104086461730407143e-01 -3.127692233650183340e+00
5.103901939723183290e-01 -3.127707139304790385e+00
5.104251589381798571e-01 -3.128463217426287635e+00
5.103984686814139193e-01 -3.128531447543597910e+00
5.104133793915420769e-01 -3.128599722234101765e+00
5.100411974571669171e-01 -3.127759112946653985e+00
5.099571684709629515e-01 -3.128356111733046951e+00
5.098042448167693363e-01 -3.128314624192436444e+00
5.100116114052125615e-01 -3.128343359483044761e+00
5.100283398210802011e-01 -3.128355451656223085e+00
5.100953946506373571e-01 -3.128382286900836196e+00
5.101008719279058745e-01 -3.128410361285487440e+00
5.101008719279058745e-01 -3.128410361285487440e+00
5.101463736896130197e-01 -3.129365638840176267e+00
5.100376133369650677e-01 -3.129962282604702217e+00
5.100017899746113192e-01 -3.130011320838716138e+00
5.101188098612391419e-01 -3.129642831980000039e+00
5.100306434904242625e-01 -3.129793669006973644e+00
5.096600508587074696e-01 -3.129923137204480454e+00
5.390736225295870554e+02 -4.318872095079048279e+01
5.272401809135486701e+02 -2.171166373879054845e+01
5.112106963699005178e+02 8.321331999811718561e-01
4.834183672661889091e+02 4.215242833136352374e+01
4.736722346138747639e+02 6.050816111251468499e+01
1.416871302378284803e+01 4.190898842813322922e+00
4.447096121609830561e+02 -5.595024446294505083e+01
-1.419562076407481754e+01 4.703351177770905167e+00
-1.419391866088545306e+01 4.703570241225744297e+00
-1.419417067334578064e+01 4.702618183887669723e+00
-1.419279738324323148e+01 4.702024878682540709e+00
5.105627346344661088e-01 3.129860131074197582e+00
5.107349938465839401e-01 3.129394339673196690e+00
5.107636275612910115e-01 3.129359368132230035e+00
5.107662921208213636e-01 3.129382596024324226e+00
5.107709592311132640e-01 3.129394638490035963e+00
5.107767229692852240e-01 3.130333798917603882e+00
5.105641081648569779e-01 3.130643381049153184e+00
5.105771677367716421e-01 3.130669088349883111e+00
5.105880396652668907e-01 3.130680473855291801e+00
5.105863537737449498e-01 3.130690667845727138e+00
5.105789657867968456e-01 3.130720632983048368e+00
5.105789657867968456e-01 3.130720632983048368e+00
5.105789657867968456e-01 3.130720632983048368e+00
5.106433184194583141e-01 3.130652115714132044e+00
5.106348147673734905e-01 3.130424336595369006e+00
5.107300288699251345e-01 3.130032742880285213e+00
5.107055032093895663e-01 3.130224787924151375e+00
5.104557346608866730e-01 3.130323378358489173e+00
5.101141791666528036e-01 3.129805266418843601e+00
5.101090677759332337e-01 3.129813555093437838e+00
6.423007553237503942e+01 -6.084290653093120227e+00
6.446261836015922597e+01 -5.872520397759700472e+00
6.552666150148951374e+01 -5.797341076722887010e+00
6.568798542825990694e+01 -4.990735162732335084e+00
6.612370999837723673e+01 -4.241395696516747194e+00
6.660967913442497945e+01 -4.094984987310709812e+00
6.660484528507666369e+01 -3.737343293739087358e+00
6.675457638922171100e+01 -3.361515038421885038e+00
6.697594418747583234e+01 -3.084504941531918121e+00
6.686860332114792982e+01 -2.564247074289795592e+00
6.650789160154070601e+01 -1.394614024635671967e+00
6.673556878104614043e+01 -9.484868025516561829e-01
6.692720772428857856e+01 -4.806682483039708131e-01
6.705146492365147992e+01 -3.080175763023476065e-01
6.670606474596780799e+01 9.763712896158835974e-01
6.694290043842879356e+01 1.190628647974932619e+00
6.758575474574249142e+01 1.369139013774713476e+00
6.772687829642379143e+01 1.600388829922280820e+00
6.775744990059354222e+01 2.377761962961557174e+00
6.780280316662074824e+01 2.410300063349382071e+00
6.779433518009531667e+01 2.438477552623453448e+00
6.775096317093783682e+01 2.471980689573229029e+00
6.803300934391774035e+01 2.967986480460240273e+00
6.802742226841644424e+01 2.993088911203500402e+00
6.802742226841644424e+01 2.993088911203500402e+00
6.802742226841644424e+01 2.993088911203500402e+00
6.802742226841644424e+01 2.993088911203500402e+00
6.802742226841644424e+01 2.993088911203500402e+00
6.820437377568779880e+01 2.990513772506290024e+00
6.821725439653613421e+01 3.085509571007150953e+00
6.767992522867972127e+01 3.494041907233508937e+00
6.756426348154812445e+01 3.610434768941274797e+00
6.792424656264562088e+01 3.686411122286102682e+00
6.758260028911824691e+01 3.901300490262087806e+00
6.758730729205562682e+01 3.987566874119892191e+00
6.733532869933632981e+01 4.315799877707405585e+00
6.803213098196432895e+01 4.282697951711185169e+00
6.788013869193440541e+01 4.765053787945021213e+00
6.747841518551459217e+01 5.202454409834757598e+00
6.740984468701637411e+01 5.416214501431880990e+00
6.742023736299674397e+01 5.711196141870289011e+00
6.762020657849350869e+01 5.988746526601005371e+00
6.762730898755054909e+01 6.378280683028293652e+00
6.774685974235732999e+01 6.691157286275796423e+00
6.855012519091867773e+01 6.696306783066262369e+00
-3.671095426502513419e+02 7.282075259825461444e+00
6.969318048916125008e+01 7.431514129772381239e+00
-1.415624663441257169e+01 4.689429065892483095e+00
-1.415578206409397133e+01 4.689621375887692345e+00
-1.415608527958000096e+01 4.690060564487099626e+00
-1.414353105193546867e+01 4.687671533272639302e+00
-1.414421844869625922e+01 4.688536064747437671e+00
-1.414667687188415712e+01 4.688534158800311324e+00
-1.414418002328239865e+01 4.688284460074156001e+00
-1.414712103612992600e+01 4.689324759017170052e+00
-1.414730910895744209e+01 4.689490570161200189e+00
-1.414464834772686075e+01 4.688938008546911007e+00
1.066878759228288800e+03 1.008880592847166326e+02
1.197714775748404236e+03 9.927198519989596548e+01
1.193237150688527208e+03 1.512914064211996958e+02
5.098815921171917509e-01 3.125229096500079962e+00
5.094473645467627598e-01 3.126243884867195622e+00
5.079791637126647164e-01 3.125974021346545229e+00
5.073102048111670648e-01 -3.126605823716708255e+00
5.076163404819241665e-01 -3.127095185658724130e+00
1.686277571652213283e+03 1.886760268749449381e+02
1.583238448639206581e+03 6.503139463617003457e+00
1.564408390483315088e+03 -9.188756518095408410e+01
1.596048828549412519e+03 -7.086222860954535463e+00
1.627029023263844920e+03 1.400198723616372831e+02
5.067535824152049617e-01 3.129807483739561302e+00
5.068292867055091966e-01 3.130589135326688588e+00
5.072447699847781877e-01 3.130769339413341346e+00
5.073215642990979157e-01 3.130972251243684390e+00
5.068286079307139369e-01 3.131112730477432216e+00
5.068245753036589862e-01 3.131530634008336200e+00
5.068846454814347480e-01 3.132184078089252477e+00
5.066797322169593887e-01 3.132498098267144204e+00
5.063144849858519647e-01 3.132793854894694974e+00
5.058636179503893660e-01 3.133103378898453695e+00
5.061128115192631283e-01 3.133178919450061439e+00
5.063151919283614966e-01 3.133356399973068029e+00
5.063033912210390675e-01 3.133376518350457385e+00
5.063554478936467262e-01 3.133384295845785594e+00
5.061843833251090663e-01 3.133337885462659678e+00
5.062273526657106171e-01 3.133385095687759136e+00
5.063753304938195532e-01 3.133499750143212026e+00
5.065420669080434868e-01 3.133844752244175691e+00
5.067174658004478527e-01 3.131438887750350730e+00
5.062771120498150701e-01 3.130414518767389964e+00
5.066317943756640796e-01 3.130443478566348858e+00
5.066466486190486229e-01 3.130550984085817667e+00
5.067626287663304918e-01 3.130723893404124158e+00
5.067313778261151036e-01 3.130519378530490116e+00
5.067817638839285932e-01 3.130572235066197084e+00
5.067666183969872229e-01 3.130754690867996182e+00
5.062585312834751994e-01 3.130582397257347438e+00
5.064426726031994175e-01 3.130053386768937518e+00
5.066544044487374387e-01 3.130747655891918946e+00
5.066627312785805248e-01 3.130948802847742130e+00
5.068211145685733721e-01 3.129560448240636283e+00
5.068211145685733721e-01 3.129560448240636283e+00
5.068211145685733721e-01 3.129560448240636283e+00
5.070562458117748861e-01 3.129397234519700532e+00
5.070101957175314755e-01 3.129383570385534608e+00
5.070581773380204993e-01 3.129420338132534063e+00
5.070759543837103367e-01 3.129411114154933671e+00
5.070762941624724629e-01 3.129412753278778325e+00
5.069286938170980417e-01 3.129440151221809074e+00
5.069286938170980417e-01 3.129440151221809074e+00
5.069286938170980417e-01 3.129440151221809074e+00
5.069162324305880318e-01 3.129162200932920523e+00
5.069482118150481220e-01 3.129363454024873814e+00
5.066155206911869824e-01 3.128477621593802827e+00
5.065963641742224910e-01 3.129087448637938973e+00
5.072675733299130130e-01 3.128582484473161340e+00
5.073078850768394377e-01 3.129238966938197031e+00
5.073145775473458796e-01 3.129909825784574107e+00
5.073007674047321780e-01 3.130188132374880805e+00
5.073902750105886428e-01 3.130779964092402334e+00
5.072777102003154237e-01 3.131337220079117856e+00
5.072827558348883548e-01 3.131343984532709790e+00
5.080741491562434931e-01 3.132339309584781795e+00
5.082514557404010924e-01 3.132600790675791114e+00
5.081602585315043719e-01 3.132315225538615522e+00
5.081555040924735644e-01 3.132312856693558967e+00
5.084412389443384583e-01 3.132951094484999199e+00
5.082601065550504948e-01 3.132789322024200018e+00
5.084724332129206825e-01 3.132934934791893777e+00
5.087408347059434455e-01 3.132967391145222713e+00
5.093100897837296026e-01 3.133321599502719490e+00
5.093707012791320876e-01 3.133317380452710132e+00
5.093976264212792815e-01 3.133399178628672566e+00
5.096688818623966721e-01 3.133717759602295150e+00
5.100971973483150457e-01 3.133288237686775002e+00
5.100611045243051977e-01 3.133406298052006544e+00
5.101164015553053543e-01 3.133431052836157082e+00
5.101133822850283384e-01 3.133452639099854498e+00
5.101117664332901480e-01 3.133497703136452373e+00
5.100207592238712451e-01 3.134840065567794820e+00
5.099615871063624128e-01 3.134870179735135043e+00
5.100257366761632438e-01 3.135014341996935627e+00
5.101934690840924658e-01 3.135173401762847867e+00
5.099867978653558342e-01 3.135313416303725287e+00
5.104667346401710049e-01 3.134768489394098800e+00
5.104235153837510808e-01 3.134814894953469544e+00
5.103295148497348777e-01 3.135439422298444967e+00
5.102565381857993021e-01 3.135529265426749479e+00
5.102965690349059447e-01 3.135556396405301260e+00
