5.296889708659481277e-01 3.137888278378578644e+00
5.294094077727793390e-01 3.138296534077803290e+00
5.293607552983582432e-01 3.138457180050131523e+00
5.294355508382886377e-01 3.138759829414292213e+00
5.291725235131857774e-01 3.138878698580190196e+00
5.291972312968162839e-01 3.138688936340943592e+00
5.292826428327375154e-01 3.138711460530056563e+00
5.296463613016532124e-01 3.138863560802656938e+00
5.294082814730617370e-01 3.138560528818782114e+00
5.293748107336200270e-01 3.138517743335996091e+00
5.290856939645708357e-01 3.138753802177421726e+00
