7.662153477669139678e-02 3.107797514345898460e+00
7.651736790657047427e-02 3.108166866973841369e+00
7.648291740262098959e-02 3.108318355589450466e+00
7.650559411211831085e-02 3.108628645866509554e+00
7.626958010593377912e-02 3.108661682743133703e+00
7.625051839900262585e-02 3.108421437750589433e+00
7.628149865483951908e-02 3.108451926505036766e+00
7.658780135899011243e-02 3.108606303833874485e+00
7.627390217590458710e-02 3.108219230983517711e+00
7.624850014220427297e-02 3.108195154047580733e+00
7.626897588775276293e-02 3.108485941391744500e+00
7.623407490098818573e-02 3.108503811903167158e+00
7.639729239845606534e-02 3.108543681437040629e+00
7.626368381638320981e-02 3.108582002700048807e+00
7.576089884648330719e-02 3.107968573896906062e+00
7.588801067870433459e-02 3.107741154054594723e+00
7.587386239007293254e-02 3.107779407649324366e+00
7.584981906277589447e-02 3.108079329877853514e+00
7.584443272596794183e-02 3.108090572704033772e+00
7.587510794092161559e-02 3.108097895609732486e+00
7.575168152381565878e-02 3.109078486962851162e+00
7.579704246945499768e-02 3.109518309943325232e+00
7.577305620753244098e-02 3.109968356137569945e+00
7.577044670302061913e-02 3.109981965006771265e+00
7.584060180617442637e-02 3.110066904744068328e+00
7.497964533963040468e-02 3.109462301656096272e+00
7.582877714565693095e-02 3.108584453400836445e+00
7.518000335668106882e-02 3.109110637557981338e+00
7.518036745225170625e-02 3.109110805212789153e+00
7.518194628256194556e-02 3.109110598474646991e+00
7.521261037970367047e-02 3.109116964558357399e+00
7.522445260111124132e-02 3.109118736174660835e+00
7.521582549774442905e-02 3.109113354662432105e+00
7.531703119613997188e-02 3.108885317681130189e+00
7.535051684899884972e-02 3.109200820612109784e+00
7.535051684899884972e-02 3.109200820612109784e+00
7.556388929191318327e-02 3.109197260452190914e+00
7.604532790665997910e-02 3.108963706936742621e+00
7.594345757567559640e-02 3.109973634782340568e+00
7.580996818827676065e-02 3.110110998072975530e+00
7.588271595333789810e-02 3.110631345859825814e+00
