-7.383354889057578985e+05 7.662153477669139678e-02 3.107797514345898460e+00
-7.380566723533321638e+05 7.651736790657047427e-02 3.108166866973841369e+00
-7.380058770887689898e+05 7.648291740262098959e-02 3.108318355589450466e+00
-7.378209932121731108e+05 7.650559411211831085e-02 3.108628645866509554e+00
-7.378052263866605936e+05 7.626958010593377912e-02 3.108661682743133703e+00
-7.374423089922602521e+05 7.625051839900262585e-02 3.108421437750589433e+00
-7.373589516070235986e+05 7.628149865483951908e-02 3.108451926505036766e+00
-7.373679905910055386e+05 7.658780135899011243e-02 3.108606303833874485e+00
-7.372517064749476267e+05 7.627390217590458710e-02 3.108219230983517711e+00
-7.372460070930643706e+05 7.624850014220427297e-02 3.108195154047580733e+00
-7.367972114734803326e+05 7.626897588775276293e-02 3.108485941391744500e+00
-7.367960426623682724e+05 7.623407490098818573e-02 3.108503811903167158e+00
-7.367272279175695730e+05 7.639729239845606534e-02 3.108543681437040629e+00
-7.365472046445179731e+05 7.626368381638320981e-02 3.108582002700048807e+00
-7.361865319724333240e+05 7.576089884648330719e-02 3.107968573896906062e+00
-7.361247727012108080e+05 7.588801067870433459e-02 3.107741154054594723e+00
-7.361184715733596822e+05 7.587386239007293254e-02 3.107779407649324366e+00
-7.361185861135252053e+05 7.584981906277589447e-02 3.108079329877853514e+00
-7.361064652683816385e+05 7.584443272596794183e-02 3.108090572704033772e+00
-7.361139159609832568e+05 7.587510794092161559e-02 3.108097895609732486e+00
-7.357116782684565987e+05 7.575168152381565878e-02 3.109078486962851162e+00
-7.356634850636356277e+05 7.579704246945499768e-02 3.109518309943325232e+00
-7.348158426402166951e+05 7.577305620753244098e-02 3.109968356137569945e+00
-7.348053472914104350e+05 7.577044670302061913e-02 3.109981965006771265e+00
-7.347100441738349618e+05 7.584060180617442637e-02 3.110066904744068328e+00
-7.339768702829148388e+05 7.497964533963040468e-02 3.109462301656096272e+00
-7.339377855317738140e+05 7.582877714565693095e-02 3.108584453400836445e+00
-7.338430663339189487e+05 7.518000335668106882e-02 3.109110637557981338e+00
-7.338430656922064954e+05 7.518036745225170625e-02 3.109110805212789153e+00
-7.338429511586410226e+05 7.518194628256194556e-02 3.109110598474646991e+00
-7.338334626923005562e+05 7.521261037970367047e-02 3.109116964558357399e+00
-7.338095498903699918e+05 7.522445260111124132e-02 3.109118736174660835e+00
-7.337959774683134165e+05 7.521582549774442905e-02 3.109113354662432105e+00
-7.336187172051495872e+05 7.531703119613997188e-02 3.108885317681130189e+00
-7.336547071313003544e+05 7.535051684899884972e-02 3.109200820612109784e+00
-7.336547071313003544e+05 7.535051684899884972e-02 3.109200820612109784e+00
-7.335098322110390291e+05 7.556388929191318327e-02 3.109197260452190914e+00
-7.327342292138522025e+05 7.604532790665997910e-02 3.108963706936742621e+00
-7.326405346185156377e+05 7.594345757567559640e-02 3.109973634782340568e+00
-7.325919041365346638e+05 7.580996818827676065e-02 3.110110998072975530e+00
-7.325310113845329033e+05 7.588271595333789810e-02 3.110631345859825814e+00
-7.325442201550959144e+05 7.597276397796060010e-02 3.110616107626011928e+00
-7.325662041983270319e+05 7.588947290747591334e-02 3.110840438579919542e+00
-7.319986894972684095e+05 7.626292838868306556e-02 3.110350918549847687e+00
-7.313796661069925176e+05 7.644138145621721947e-02 3.110586261592354962e+00
-7.313212576685777167e+05 7.648664768443461104e-02 3.110428134652738485e+00
-7.309798704728494631e+05 7.655285640867674768e-02 3.111752870720392750e+00
-7.310321977449379629e+05 7.653480932237373413e-02 3.112107430010622622e+00
-7.303606857976674801e+05 7.670107005678485079e-02 3.111649265581973633e+00
-7.302810551232562866e+05 7.668675383788373101e-02 3.111712582328746368e+00
-7.302810551232562866e+05 7.668675383788373101e-02 3.111712582328746368e+00
-7.302578530496708117e+05 7.669389303501508715e-02 3.111727863014186912e+00
-7.301037073351108702e+05 7.676538150766976099e-02 3.111856112930098117e+00
-7.297572723738435889e+05 7.668540432266832130e-02 3.112002533010181704e+00
-7.289073233175458154e+05 7.478591897949854461e-02 3.109613182157675126e+00
-7.282802622437385144e+05 7.488421265635630819e-02 3.109718980366570573e+00
-7.281253693294405239e+05 7.498491574652371705e-02 3.109500197662156129e+00
-7.280779076271679951e+05 7.478700756520770265e-02 3.109540372009263809e+00
-7.279909511783017078e+05 7.475576777131305584e-02 3.109483005171302494e+00
-7.271583401345586171e+05 7.504928361703824824e-02 3.109473051704509494e+00
-7.268427881293855608e+05 7.498116633786608420e-02 3.109793165220588129e+00
-7.267488904846874066e+05 7.505322266171381151e-02 3.109899089816042572e+00
-7.262196667057971936e+05 7.525703502112086885e-02 3.109989568160669293e+00
-7.262194716303126188e+05 7.519226009272005073e-02 3.110138032081093407e+00
-7.262294816684172256e+05 7.523472925070345818e-02 3.110337822705365074e+00
-7.261408614042866975e+05 7.536799338975157247e-02 3.110418177793313088e+00
-7.255578875197230373e+05 7.520806109735966860e-02 3.110793872116742964e+00
-7.255581726551700849e+05 7.520409491935181601e-02 3.110794248986382460e+00
-7.254999891343987547e+05 7.521968027185474415e-02 3.110819167227744320e+00
-7.249129755112463608e+05 7.523608241557315501e-02 3.109122617313610615e+00
-7.247111135807060637e+05 7.525712644969405341e-02 3.109222121982839759e+00
-7.243038609934363049e+05 7.458461836645258192e-02 3.108427473800988050e+00
-7.242776987011265010e+05 7.432665081720500611e-02 3.108538772360954106e+00
-7.242489287568137515e+05 7.434421624645232152e-02 3.108560942217762246e+00
-7.242050074182332028e+05 7.421227763177672132e-02 3.108722994026454245e+00
-7.241996578153928276e+05 7.421669700738385556e-02 3.108731739414369866e+00
-7.241742645500857616e+05 7.420836306099627688e-02 3.108744775826241202e+00
-7.237809469848738518e+05 7.413350071944513342e-02 3.108819033389794928e+00
-7.237688433393886080e+05 7.403777479805113970e-02 3.109309212939801004e+00
-7.236676311778840609e+05 7.419589824542020817e-02 3.109233690534825012e+00
-7.231569714734636946e+05 7.359998042952492492e-02 3.109172880857039800e+00
-7.231429173719076207e+05 7.361398816326107652e-02 3.109175168827039037e+00
-7.226406102611020906e+05 7.407490573608171980e-02 3.107561559063891643e+00
-7.223843800544471014e+05 7.414438597896561012e-02 3.107711214869501415e+00
-7.220146529739360558e+05 7.420925823942556288e-02 3.107658208757221097e+00
-7.213024540581403999e+05 7.424457957819849407e-02 3.106789833531903078e+00
-7.208065050743415486e+05 7.442882360101545081e-02 3.108311532943835775e+00
-7.208241529398240382e+05 7.420781183998058361e-02 3.108245617914410897e+00
-7.208333724982293788e+05 7.419860055337260119e-02 3.108338535407063397e+00
-7.208333724982293788e+05 7.419860055337260119e-02 3.108338535407063397e+00
-7.206934392493306659e+05 7.388498062989179438e-02 3.108694014984563658e+00
-7.206630413335063495e+05 7.387518795961921236e-02 3.108669277260622366e+00
-7.206580997259115102e+05 7.388023239994478963e-02 3.108710970819280828e+00
-7.206922974568349309e+05 7.389593046597563164e-02 3.109081506088244407e+00
-7.206963176231248071e+05 7.407457219288797468e-02 3.109008037800987889e+00
-7.200178434828609461e+05 7.403984756685388913e-02 3.108882478470414767e+00
-7.197217583458983572e+05 7.409976852079588894e-02 3.108842850261390733e+00
-7.194995577920447104e+05 7.389004553824314592e-02 3.108910243516702643e+00
-7.191098939044061117e+05 7.398115802004488761e-02 3.109969596918461310e+00
-7.191053131020681467e+05 7.397906227787015565e-02 3.109974311510693035e+00
-7.190763872159182793e+05 7.395055001585261467e-02 3.110015981818959663e+00
-7.190569474550662562e+05 7.422361470364256808e-02 3.110262495559447338e+00
-7.190373675066375872e+05 7.418317748480160456e-02 3.110188856633584020e+00
-7.189678583377650939e+05 7.418215004196589135e-02 3.110206794300196087e+00
-7.189740951953638578e+05 7.419003338699936556e-02 3.110281030674484803e+00
-7.186844626944480697e+05 7.415626483408810365e-02 3.109645126238305579e+00
-7.181886039977221517e+05 7.381675345347445127e-02 3.109559231761860776e+00
-7.178094612801966723e+05 7.372664142615414917e-02 3.109220786788263968e+00
-7.176168445621668361e+05 7.392048546319662794e-02 3.109084080758037771e+00
-7.175204528864951571e+05 7.392475130614115097e-02 3.109723717467206328e+00
-7.168987647203066153e+05 7.374251148220302421e-02 3.109687452614588121e+00
-7.159380954518645303e+05 7.397370361746649636e-02 3.108065263820883217e+00
-7.153786634278077399e+05 7.402561813348529363e-02 3.107771218058991813e+00
-7.153786634278077399e+05 7.402561813348529363e-02 3.107771218058991813e+00
-7.151256935084844008e+05 7.371860062808262282e-02 3.107304036738145037e+00
-7.143732031406071037e+05 7.365910112021729905e-02 3.106346959576168132e+00
-7.142954795859570149e+05 7.359454347890648229e-02 3.106473705085731396e+00
-7.142950374347155448e+05 7.359444380773499939e-02 3.106484038209989862e+00
-7.142988103675823659e+05 7.359044616725926580e-02 3.106591782843782568e+00
-7.143001280165850185e+05 7.358621409551702186e-02 3.106723118002062911e+00
-7.142609338160341140e+05 7.331469755576622283e-02 3.106860642434119413e+00
-7.142609338160341140e+05 7.331469755576622283e-02 3.106860642434119413e+00
-7.141882161164195277e+05 7.270437997851261769e-02 3.106819049266111854e+00
-7.138094467884275364e+05 7.280402707241025173e-02 3.107011590581806981e+00
-7.133628293072909582e+05 7.260915177886705096e-02 3.106696220275623865e+00
-7.125600212065516971e+05 7.238024391636510568e-02 3.106616289968691547e+00
-7.119708469035357703e+05 7.244067029051930173e-02 3.106911374702379547e+00
-7.113734195071894210e+05 7.243643923423656594e-02 3.105676238675841194e+00
-7.114025805273451842e+05 7.246071787078163517e-02 3.106303531513348926e+00
-7.113924143984972034e+05 7.246034965407227579e-02 3.106303050790410580e+00
-7.113497639522455866e+05 7.245728278916414855e-02 3.106350557229339060e+00
-7.113546626467298483e+05 7.244021384737286962e-02 3.106426782626447114e+00
-7.109024532392359106e+05 7.268665368697731222e-02 3.107999568599445706e+00
-7.106277033625834156e+05 7.268788766387149214e-02 3.108111385892340817e+00
-7.104279669212562731e+05 7.261193604951547698e-02 3.108471123805496727e+00
-7.099433447080445476e+05 7.287217168700713121e-02 3.109161575740141625e+00
-7.097694069029140519e+05 7.292123375231999993e-02 3.109562469560553488e+00
-7.096830568897600751e+05 7.281928195756728894e-02 3.110401290578974187e+00
-7.096830568897600751e+05 7.281928195756728894e-02 3.110401290578974187e+00
-7.096563863229358103e+05 7.282624590708748624e-02 3.110459710732480065e+00
-7.096626650468999287e+05 7.291010918381948813e-02 3.110442768552950987e+00
-7.092523793380833231e+05 7.195083378063402146e-02 3.109670567344922976e+00
-7.089658422152810963e+05 7.239279557218632200e-02 3.109924530318949998e+00
-7.087696214086506516e+05 7.211808798693732092e-02 3.109671962831989322e+00
-7.087378473008810543e+05 7.225293557459490368e-02 3.109695579469781812e+00
-7.087065868697732221e+05 7.213419478841638643e-02 3.109764112230714694e+00
-7.087161548154242337e+05 7.214419252809389782e-02 3.109892448053898750e+00
-7.087110114423461491e+05 7.214263375493558395e-02 3.109904772549664465e+00
-7.085949113309488166e+05 7.211417284738178002e-02 3.110069985064601639e+00
-7.081091560125215910e+05 7.201668413117169598e-02 3.110397017339360470e+00
-7.080961403123995988e+05 7.203154297930483563e-02 3.110395028991678412e+00
-7.080961403123995988e+05 7.203154297930483563e-02 3.110395028991678412e+00
-7.080781324530730490e+05 7.205069708130638906e-02 3.110405164493528218e+00
-7.081010085639286553e+05 7.229582560024200300e-02 3.110224276139021526e+00
-7.081002394175798399e+05 7.228683445831296517e-02 3.110257880092733185e+00
-7.080890387916702311e+05 7.228397140658411602e-02 3.110279748056453908e+00
-7.079651048204108374e+05 7.233820553290155886e-02 3.110532386844467201e+00
-7.079631904486913700e+05 7.231556927268519008e-02 3.110591991016863567e+00
-7.079631904486913700e+05 7.231556927268519008e-02 3.110591991016863567e+00
-7.079479158285846934e+05 7.227045298582167321e-02 3.110585774331432241e+00
-7.078845537396473810e+05 7.235493075670947072e-02 3.110874647409599181e+00
-7.077981284708626335e+05 7.237503355288353590e-02 3.110943480357300839e+00
-7.074179733329291921e+05 7.243651892973716755e-02 3.110916040378139069e+00
-7.073921133826359874e+05 7.246163435203448189e-02 3.111182070114223208e+00
-7.073846660984548507e+05 7.230547179983994044e-02 3.112117652044193772e+00
-7.071816582088120049e+05 7.229031821671984270e-02 3.111592941597697060e+00
-7.071518234141080175e+05 7.227306206047531822e-02 3.111679479710306673e+00
-7.071506214743935270e+05 7.227424567159654312e-02 3.111681395698034258e+00
-7.069308098754725652e+05 7.224111262576250747e-02 3.111555579455980158e+00
-7.065846046506948769e+05 7.214695786045498271e-02 3.111662465981707371e+00
-7.062027617991425795e+05 7.218080353899758439e-02 3.111154937411100274e+00
-7.061138676530163502e+05 7.227046216836238712e-02 3.111223316721695387e+00
-7.055671420415713219e+05 7.225328439210915166e-02 3.111743522335006951e+00
-7.052380329039678909e+05 7.213999408874471886e-02 3.111983630934461953e+00
-7.049695819485787069e+05 7.227135975578653782e-02 3.111077931909634220e+00
-7.049642959944070317e+05 7.227449273780747752e-02 3.111086249902915490e+00
-7.048536688801128184e+05 7.228710659482084910e-02 3.112205287079006677e+00
-7.047765369415305322e+05 7.139909148979733944e-02 3.111489820679128382e+00
-7.046854167068754323e+05 7.136344327572489987e-02 3.111581242510770728e+00
-7.046340335173107451e+05 7.134412716790838882e-02 3.111590733115364049e+00
-7.046340335173107451e+05 7.134412716790838882e-02 3.111590733115364049e+00
-7.038664628328849794e+05 7.142044422322833819e-02 3.111827414654443569e+00
-7.034634093480127631e+05 7.226370072053631133e-02 3.110906259418669606e+00
-7.030629692560825497e+05 7.213505218620043513e-02 3.110815499811997231e+00
-7.024487430523918010e+05 7.222365456662642458e-02 3.111255613943013643e+00
-7.015306614443887956e+05 7.223044075592867375e-02 3.110497452772229110e+00
-7.014850584616662236e+05 7.274979268750331185e-02 3.110464273540983093e+00
-7.014643194553500507e+05 7.265125545419993947e-02 3.110775225050482540e+00
-7.014599703952125274e+05 7.264449486890224572e-02 3.110847809354070126e+00
-7.014599703952125274e+05 7.264449486890224572e-02 3.110847809354070126e+00
-7.014288351914124796e+05 7.251301563572608300e-02 3.110797951024590446e+00
-7.014134325228560483e+05 7.199689966536609864e-02 3.110863107557335638e+00
-7.013716873677475378e+05 7.201062468464687616e-02 3.110943790519035357e+00
-7.012654707558088703e+05 7.200916314361824333e-02 3.110309883267952102e+00
-7.012314898759352509e+05 7.200359057035700394e-02 3.110322385956102220e+00
-7.012314664154702332e+05 7.200367059048611018e-02 3.110322755344397283e+00
-7.012044853810743662e+05 7.186601763948954891e-02 3.110848252177950357e+00
-7.011390415025330149e+05 7.190310993468101985e-02 3.110935975512338025e+00
-7.011340307609739248e+05 7.190724232256406889e-02 3.110932326723529151e+00
-7.007330572107284097e+05 7.192973953706947865e-02 3.110722104470612592e+00
-7.005951884897117270e+05 7.204001016285641046e-02 3.110742541849103482e+00
-7.005584644334625918e+05 7.193153399274172799e-02 3.110834090935735485e+00
-7.004804360166493570e+05 7.193643029405485945e-02 3.111097854865351398e+00
-7.003699725961094955e+05 7.192186833243556510e-02 3.110930742253162240e+00
-7.002221104449870763e+05 7.200225014524193334e-02 3.110892417433959611e+00
-7.002532982598952949e+05 7.202127014059943322e-02 3.111200543761324600e+00
-7.001519125833155122e+05 7.195565741027579176e-02 3.111387288322070344e+00
-7.001223174883527681e+05 7.193346993994147176e-02 3.111714861446902347e+00
-7.001187567131168908e+05 7.193771425294578914e-02 3.111730367996515589e+00
-7.000009827763849171e+05 7.199828338385198812e-02 3.112011308211567240e+00
-6.999827667627059855e+05 7.196339239166786583e-02 3.112019938650539608e+00
-6.994333399859038182e+05 7.169809749778464913e-02 3.110277409918238867e+00
-6.993827093572878512e+05 7.174972958296549352e-02 3.110235347435782227e+00
-6.993401765108521795e+05 7.177304356339514468e-02 3.110329232188437043e+00
-6.990415589182520052e+05 7.232860402297870694e-02 3.109577888786634325e+00
-6.988418719161272747e+05 7.238414798554561325e-02 3.110257441675222001e+00
-6.983374883612014819e+05 7.196022646454003358e-02 3.109374158865370052e+00
-6.983153695497252047e+05 7.193748945078196066e-02 3.109464586329754088e+00
-6.970858708654702641e+05 7.210219038122979429e-02 3.107869587188849536e+00
-6.969325490467632189e+05 7.212221934379783872e-02 3.108191983667183855e+00
-6.959766098632079083e+05 7.193404085746323007e-02 3.107454717992871096e+00
-6.958719322151447413e+05 7.203144354827624440e-02 3.107859963808276671e+00
-6.958144029719997197e+05 7.202034630064424459e-02 3.107884122411884498e+00
-6.958146733890410978e+05 7.202244770609692037e-02 3.107882857167929558e+00
-6.957674377569026547e+05 7.194508179600599129e-02 3.107868451171667878e+00
-6.946594937009610003e+05 7.191931335647880341e-02 3.105225597449208230e+00
-6.946731815212903311e+05 7.203113243966560719e-02 3.105312470547197279e+00
-6.946240334107025992e+05 7.209187383476535482e-02 3.105263812067116547e+00
-6.945622579373836052e+05 7.212455719753299577e-02 3.105315190198887354e+00
-6.944952623217478395e+05 7.212573388265559882e-02 3.105352639925147873e+00
-6.944928983829598874e+05 7.212743489092776628e-02 3.105347213591390876e+00
-6.941465661851745099e+05 7.217036234026498465e-02 3.105141878228198760e+00
-6.941448909286973067e+05 7.217244301116845784e-02 3.105147269615815997e+00
-6.941082134129269980e+05 7.196408412505947427e-02 3.105369613013135854e+00
-6.933880173590867780e+05 7.196309041697895870e-02 3.104790068793832347e+00
-6.929485793535549892e+05 7.200222962788155323e-02 3.104589228728591443e+00
-6.924938390419409843e+05 7.210654683955447508e-02 3.105104116459464603e+00
-6.924868133803406963e+05 7.210023182419800225e-02 3.105106346667007244e+00
-6.924753878498270642e+05 7.210076556124012104e-02 3.105150254836073209e+00
-6.924922373906144639e+05 7.207085394858052385e-02 3.105305312360408632e+00
-6.923201403623108054e+05 7.207518299560555786e-02 3.105279347994513550e+00
-6.922461171287969919e+05 7.200029437988973713e-02 3.105112113049583122e+00
-6.919035271768890088e+05 7.197398237318250458e-02 3.104435895897908360e+00
-6.917853956938526826e+05 7.195895715644512469e-02 3.104452951457407739e+00
-6.917549507576852338e+05 7.199429613885417745e-02 3.104987548092292382e+00
-6.916481325966998702e+05 7.193414357564516248e-02 3.105477593437633299e+00
-6.916467167922306107e+05 7.192033045414733539e-02 3.105514656814852614e+00
-6.915470815901323222e+05 7.191903298857579840e-02 3.105583127624929052e+00
-6.914759094882246573e+05 7.177282559669398432e-02 3.105885080121168151e+00
-6.903137039954976644e+05 7.214638633410461188e-02 3.104897624482896745e+00
-6.902131881755859358e+05 7.210203453667356210e-02 3.105047608700461481e+00
-6.899357867345530540e+05 7.229739490893540010e-02 3.104458234045304188e+00
-6.899314603774057468e+05 7.230002534634419331e-02 3.104466553373256943e+00
-6.899009990651056869e+05 7.229311222601755849e-02 3.104464256139953804e+00
-6.898397397966866847e+05 7.229299198333505316e-02 3.104405363330232870e+00
-6.897348700731381541e+05 7.201688355492602556e-02 3.104727126539740034e+00
-6.893819947728975676e+05 7.195361513903933415e-02 3.104756969069625949e+00
-6.893296933268806897e+05 7.168088414499257377e-02 3.104584910326442238e+00
-6.892635198477318045e+05 7.171477064068489116e-02 3.104638728388400271e+00
-6.892523439221633598e+05 7.172631105589012679e-02 3.104653441454889418e+00
-6.892249260829600971e+05 7.172669706744122520e-02 3.104669062662984036e+00
-6.892278990210206248e+05 7.180984452263117213e-02 3.104761670604200496e+00
-6.883981932944372529e+05 7.203896006304545685e-02 3.104449773028190585e+00
-6.871448921782425605e+05 7.235541933363420775e-02 3.102506556418506367e+00
-6.869912457936701830e+05 7.238395021955586206e-02 3.102549137339195351e+00
-6.869076905114811379e+05 7.235175745117847224e-02 3.102302060374288128e+00
-6.869002446521911770e+05 7.235213809364961224e-02 3.102434064418480908e+00
-6.867715215365564218e+05 7.222129310491534615e-02 3.102192032631153396e+00
-6.868011371992833447e+05 7.219376564788694550e-02 3.102412656524471402e+00
-6.867972299428010592e+05 7.227792584154661693e-02 3.102710876588483657e+00
-6.867909642979995115e+05 7.228245577321597282e-02 3.102706099795787154e+00
-6.866819472446220461e+05 7.228960907092175925e-02 3.102868456491030713e+00
-6.866344746752249775e+05 7.211478489626926835e-02 3.103051483568814106e+00
-6.858788636579876766e+05 7.240088452689383280e-02 3.101268492913452857e+00
-6.855998540469200816e+05 7.246764495929068628e-02 3.101202707663969882e+00
-6.854990528602557024e+05 7.247732763283908086e-02 3.101366001243744730e+00
-6.853966180594855687e+05 7.249023470781190692e-02 3.101397394515664541e+00
-6.853659950976471882e+05 7.250418384773743563e-02 3.101425989135172756e+00
-6.849156726240494754e+05 7.300305898493932022e-02 3.100348931015739939e+00
-6.849810321778482758e+05 7.276425542069890617e-02 3.100728617309181701e+00
-6.838613204021311831e+05 7.284885574172242362e-02 3.100566275308481501e+00
-6.838542661692737602e+05 7.284804478388082205e-02 3.100598603749097570e+00
-6.838374758190105204e+05 7.286286406441749852e-02 3.100791369155498245e+00
-6.837742382075998466e+05 7.283922144879444172e-02 3.100552965921836712e+00
-6.837742382075998466e+05 7.283922144879444172e-02 3.100552965921836712e+00
-6.837742382075998466e+05 7.283922144879444172e-02 3.100552965921836712e+00
-6.836858396734914277e+05 7.283283482736503667e-02 3.100517771418021873e+00
-6.831933192742656684e+05 7.297889205381537236e-02 3.099392915613280231e+00
-6.832462719547089655e+05 7.252773703658374482e-02 3.099265221949330407e+00
-6.831172050844497280e+05 7.253988036786158944e-02 3.099531838330849887e+00
-6.830523602592289681e+05 7.252475676216893485e-02 3.099750800290029140e+00
-6.824127323025738588e+05 7.300608792562746086e-02 3.098823947650816812e+00
-6.823767404789054999e+05 7.296155931379028070e-02 3.098791215977428681e+00
-6.822402578457577620e+05 7.271695273107535440e-02 3.099142178692909866e+00
-6.820775818815914681e+05 7.213408518602192065e-02 3.100122533534266367e+00
-6.817911300429899711e+05 7.213840509525903943e-02 3.100299960706246694e+00
-6.817502174447800498e+05 7.217100054173690438e-02 3.100312922352911116e+00
-6.816202356543856440e+05 7.224985108195690342e-02 3.100513028237675606e+00
-6.807488164515859680e+05 7.278739288586634493e-02 3.098968643681249358e+00
-6.805136245640701381e+05 7.298158040646840483e-02 3.099326416849550014e+00
-6.803132815831096377e+05 7.305147878075694823e-02 3.099592718372341960e+00
-6.802900099014153238e+05 7.298687677084809977e-02 3.099599131498803395e+00
-6.795995530895534903e+05 7.283451195105974940e-02 3.099374912944546256e+00
-6.795645986140526365e+05 7.275604471737183443e-02 3.099348406542078660e+00
-6.795834854828113457e+05 7.274454583429185162e-02 3.099618445521788779e+00
-6.794053618720652303e+05 7.269098812810353971e-02 3.099995674898452069e+00
-6.789087689602783648e+05 7.271897500224870636e-02 3.098614230167647143e+00
-6.788867455503257224e+05 7.271930223706186969e-02 3.098625005234459273e+00
-6.788867455503257224e+05 7.271930223706186969e-02 3.098625005234459273e+00
-6.787558297508483520e+05 7.270113812553000154e-02 3.098823726113947519e+00
-6.786949090066500939e+05 7.270927559861789513e-02 3.099220588593340597e+00
-6.786612603578439448e+05 7.272587101522891284e-02 3.099123827859330049e+00
-6.777936360791511834e+05 7.169161931039556845e-02 3.097513803725926884e+00
-6.772142325200276682e+05 7.194077059869607993e-02 3.098320182596716599e+00
-6.767458408079590881e+05 7.185229502013470992e-02 3.099224014777992142e+00
-6.767458408079590881e+05 7.185229502013470992e-02 3.099224014777992142e+00
-6.765422794498953735e+05 7.191313347384646615e-02 3.099155439041613391e+00
-6.765278966227180790e+05 7.191191669934648978e-02 3.099536380119994661e+00
-6.761101128117080079e+05 7.178998393493020436e-02 3.099603903968961571e+00
-6.761047928578850115e+05 7.194968725913465646e-02 3.099741893419622141e+00
-6.760391527892174199e+05 7.210344619713925096e-02 3.099724243835244142e+00
-6.756295154101977823e+05 7.212814878187173706e-02 3.099635926662386964e+00
-6.753492108867375646e+05 7.240969963364274342e-02 3.099321679749782898e+00
-6.752859056294163456e+05 7.238446591952485409e-02 3.099731231175535839e+00
-6.753749740761652356e+05 7.240430873707387471e-02 3.100648446430567251e+00
-6.753253879548466066e+05 7.245156458270142485e-02 3.100641774614896651e+00
-6.753240232421520632e+05 7.245073656003532536e-02 3.100643692171297872e+00
-6.753123307175758528e+05 7.244773304043675144e-02 3.100653522200194967e+00
-6.753122051349064568e+05 7.244689363905056079e-02 3.100664111729416028e+00
-6.753133292075371137e+05 7.258951405288918690e-02 3.101011729393500893e+00
-6.752869741483941907e+05 7.254902227320096653e-02 3.101400787225234268e+00
-6.749928319588985760e+05 7.243909561192794777e-02 3.101459430740990175e+00
-6.741847381543318043e+05 7.230482195783606569e-02 3.101048213651113272e+00
-6.741161436587724602e+05 7.225743428711360605e-02 3.101089752610209693e+00
-6.741135231784461066e+05 7.218737077529695234e-02 3.101364917859027681e+00
-6.737780150934132980e+05 7.227134748737577830e-02 3.101446491712196885e+00
-6.735195845073286910e+05 7.192297823347489072e-02 3.101269300492624836e+00
-6.735224585020783124e+05 7.194387524629591857e-02 3.101315938918065118e+00
-6.734875985679775476e+05 7.194374987658835874e-02 3.101320945207284296e+00
-6.729823337590578012e+05 7.199232939341511373e-02 3.101502298544498881e+00
-6.725813597954853904e+05 7.192599969582490205e-02 3.101300548712611516e+00
-6.724632429191432893e+05 7.190979202334137066e-02 3.101369724807824024e+00
-6.723790336524046725e+05 7.189695286816856490e-02 3.101402210404513582e+00
-6.722993799436010886e+05 7.191160365318412240e-02 3.101454508388464149e+00
-6.721232189300202299e+05 7.191344380347231002e-02 3.100931175339779688e+00
-6.720703549097066280e+05 7.191864756437363337e-02 3.100933743578679902e+00
-6.715433292147342581e+05 7.182172184045608476e-02 3.099940858483063000e+00
-6.715260245780851692e+05 7.182125385283910646e-02 3.099920527666310655e+00
-6.714991839311535005e+05 7.183257243504644063e-02 3.099937834237704415e+00
-6.714110241643293994e+05 7.183225090880766828e-02 3.099974216324731469e+00
-6.709151392217123648e+05 7.170482645253800635e-02 3.099422129164969952e+00
-6.708851719759555999e+05 7.166831325728206803e-02 3.099696648831464341e+00
-6.705195032895467011e+05 7.230301750990626719e-02 3.099860863809541733e+00
-6.700292169194560265e+05 7.245576642589118821e-02 3.100387364118160516e+00
-6.698489842329175444e+05 7.256627737805344813e-02 3.100906492281440663e+00
-6.697007419620623114e+05 7.263257331362145408e-02 3.101629437668545819e+00
-6.696201233026895206e+05 7.250080487568522081e-02 3.101564227487244807e+00
-6.696149449738661060e+05 7.254341012727447136e-02 3.101541266094484328e+00
-6.694811825217893347e+05 7.257313537808939008e-02 3.101841443858330383e+00
-6.694142325661095092e+05 7.258347253309832547e-02 3.101864194936279073e+00
-6.693568889382311609e+05 7.258064639311971600e-02 3.101862961105855021e+00
-6.693548923817876494e+05 7.258292770961757845e-02 3.101869953752982134e+00
-6.694129934774850262e+05 7.227915599542504566e-02 3.102005616251075182e+00
-6.689890142170605250e+05 7.199211978327198225e-02 3.102866040651962809e+00
-6.688744918043129146e+05 7.227619392102320461e-02 3.102734694441421137e+00
-6.685836184582287678e+05 7.230644876268560450e-02 3.102677856083155827e+00
-6.685836184582287678e+05 7.230644876268560450e-02 3.102677856083155827e+00
-6.685836184582287678e+05 7.230644876268560450e-02 3.102677856083155827e+00
-6.685737955496779177e+05 7.230691695420676801e-02 3.102693656772685937e+00
-6.685212883788186591e+05 7.248327576439783648e-02 3.102502300702360660e+00
-6.684730002454164205e+05 7.229755312470492745e-02 3.102513129271001535e+00
-6.685003378734509461e+05 7.225730673984834262e-02 3.102732085464242395e+00
-6.680847893971060403e+05 7.229644965249594490e-02 3.102864765566351934e+00
-6.678604668015809730e+05 7.202121757938632907e-02 3.102271827568702012e+00
-6.675100646265354007e+05 7.223854140655271150e-02 3.102735296171887036e+00
-6.673464203467598418e+05 7.237273738613142493e-02 3.102765311328150588e+00
-6.671354744646787876e+05 7.233792572068212245e-02 3.102807388117851062e+00
-6.671312300002912525e+05 7.234548065876592049e-02 3.102834295540844778e+00
-6.668301372316507623e+05 7.275783103937830121e-02 3.101547965515728755e+00
-6.667153825936504873e+05 7.277639338038076333e-02 3.101548311988870044e+00
-6.666138788869943237e+05 7.312798155717939452e-02 3.101325560638479750e+00
-6.665301665019323118e+05 7.328008425454898833e-02 3.101562100493208352e+00
-6.662655900908496697e+05 7.335246521181515433e-02 3.100871898170607821e+00
-6.662667453098725528e+05 7.305166454913757101e-02 3.101078343379202185e+00
-6.662468149771785829e+05 7.305989531155429595e-02 3.101152198073470867e+00
-6.660044393964924384e+05 7.321166562665641642e-02 3.101071781963759655e+00
-6.658360420062574558e+05 7.322629756402641854e-02 3.101303925224150326e+00
-6.652322344828009373e+05 7.311387974856815852e-02 3.101263653298817147e+00
-6.651662072582911933e+05 7.316107527703039071e-02 3.101066068642038598e+00
-6.644972247336540604e+05 7.341832527660029084e-02 3.100679857977592491e+00
-6.644930423534961883e+05 7.343322027460272294e-02 3.100665960289956669e+00
-6.644994708889288595e+05 7.344638117821462864e-02 3.100729747326335328e+00
-6.644984953688671812e+05 7.344526992313840652e-02 3.100730949628621502e+00
-6.645670529663170455e+05 7.350175344379346332e-02 3.101254292104830945e+00
-6.645677068450173829e+05 7.352393369064132156e-02 3.101329856266317631e+00
-6.645306933391316561e+05 7.350286324107838110e-02 3.101536439185098359e+00
-6.644542170271496288e+05 7.349130370073260476e-02 3.101771987706948508e+00
-6.642206270447920542e+05 7.306557385066964061e-02 3.101593504253781219e+00
-6.641684881332145305e+05 7.314571479797192521e-02 3.101491390306521545e+00
-6.641671801754866028e+05 7.314381904961463066e-02 3.101493133432655647e+00
-6.641671801754866028e+05 7.314381904961463066e-02 3.101493133432655647e+00
-6.639766041747153504e+05 7.354111091470186268e-02 3.100962677558990244e+00
-6.638173278898254503e+05 7.354023963495730232e-02 3.101156379090908910e+00
-6.638244280252645258e+05 7.353333975052289695e-02 3.101255564799468623e+00
-6.631219912751039956e+05 7.338249350173255137e-02 3.100502056227362413e+00
-6.631131322300181491e+05 7.336125736126278274e-02 3.100840553335614924e+00
-6.630609578940919600e+05 7.336136110084025275e-02 3.100834895779585043e+00
-6.630843202656431822e+05 7.329629742571372453e-02 3.100991475490869398e+00
-6.630094751896183006e+05 7.331395866084347568e-02 3.101023435056086797e+00
-6.630053902751238784e+05 7.331797437641232595e-02 3.101023304225887234e+00
-6.630053902751238784e+05 7.331797437641232595e-02 3.101023304225887234e+00
-6.630053902751238784e+05 7.331797437641232595e-02 3.101023304225887234e+00
-6.628780219350649277e+05 7.316628217776920129e-02 3.101234904670367332e+00
-6.621432178299950901e+05 7.323020778599680092e-02 3.100070247544937097e+00
-6.618146549375141039e+05 7.329860519490873083e-02 3.100261194405312004e+00
-6.611341108368416317e+05 7.337973581334908402e-02 3.098802160918771698e+00
-6.600951948722312227e+05 7.340596284021763673e-02 3.096049903807665871e+00
-6.599672565712430514e+05 7.342204248784568732e-02 3.096084112965589163e+00
-6.599745818334117066e+05 7.342011983861165825e-02 3.096144897649079297e+00
-6.599733964062477462e+05 7.341972803392123048e-02 3.096146560975514994e+00
-6.599733964062477462e+05 7.341972803392123048e-02 3.096146560975514994e+00
-6.597542873642615741e+05 7.338330729208401848e-02 3.095528319959536478e+00
-6.587866358629645547e+05 7.325950199567367316e-02 3.093438619938544409e+00
-6.585096896551306127e+05 7.312400843203969991e-02 3.094856122552034794e+00
-6.580389021394758020e+05 7.331218144362069977e-02 3.095450231316460687e+00
-6.580695162684158422e+05 7.324527204409074510e-02 3.095733877615767238e+00
-6.574652701863358961e+05 7.321285853424534806e-02 3.095593731602978682e+00
-6.573799937428359408e+05 7.265250897956569698e-02 3.096197810154099450e+00
-6.571022942303543678e+05 7.258019170376869833e-02 3.095828895732849251e+00
-6.564821533607831225e+05 7.165286007864973827e-02 3.094242068933915402e+00
-6.563921742805902613e+05 7.162474146082907500e-02 3.094210069719371958e+00
-6.563900685415668413e+05 7.162730987456036869e-02 3.094318504592238117e+00
-6.559098343098679325e+05 7.167712119441525809e-02 3.093606032485611390e+00
-6.559110133277254645e+05 7.167620656669002055e-02 3.093614855967051103e+00
-6.555355543612904148e+05 7.158294934051619152e-02 3.093389037879880288e+00
-6.554989403813986573e+05 7.160371036837338832e-02 3.093661119619793620e+00
-6.555049703335657250e+05 7.180595348042229098e-02 3.094162359984095279e+00
-6.553229903842648491e+05 7.094268240244148982e-02 3.095808884867489841e+00
-6.552050947448464576e+05 7.090452088305082556e-02 3.095942608513196248e+00
-6.540158109325995902e+05 7.111254742673912832e-02 3.094937458459746438e+00
-6.537181185259748017e+05 7.126781077737420755e-02 3.096471575030905754e+00
-6.536967300931384088e+05 7.133778181923497441e-02 3.096642037895865673e+00
-6.529962773357117549e+05 7.115500146765627032e-02 3.095866395116789072e+00
-6.528946588873710716e+05 7.105894428103702587e-02 3.096202678071708903e+00
-6.526281041151952231e+05 7.097555289361186237e-02 3.096652402242739743e+00
-6.526324345571538433e+05 7.097411764134689549e-02 3.096770662464777946e+00
-6.526224471771086100e+05 7.100184085069585760e-02 3.096810919400944773e+00
-6.525384085293012904e+05 7.079047448239933482e-02 3.097249958572792394e+00
-6.519458156925905496e+05 7.109385908400581155e-02 3.095364781196919157e+00
-6.518769718221339863e+05 7.120895157329389102e-02 3.095617971635609589e+00
-6.515519842444158858e+05 7.149338532858104389e-02 3.095484747100624823e+00
-6.515766866294116480e+05 7.141840458132021896e-02 3.095831326817195972e+00
-6.510839684947407804e+05 7.114832453187074079e-02 3.096000340311789500e+00
-6.510792774195862003e+05 7.113572024678092853e-02 3.096028435902315135e+00
-6.507444174158979440e+05 7.111924718942165546e-02 3.096288921876338307e+00
-6.504494303258686559e+05 7.113099712812953612e-02 3.096354993178557446e+00
-6.499793975843368098e+05 7.154345076042363527e-02 3.095673667723159994e+00
-6.499640221569130663e+05 7.154663509490848117e-02 3.095695547933287273e+00
-6.499621803916952340e+05 7.153946996150950532e-02 3.095722878572408021e+00
-6.499620891655896557e+05 7.153971053240650024e-02 3.095723071756248501e+00
-6.499620891655896557e+05 7.153971053240650024e-02 3.095723071756248501e+00
-6.499620891655896557e+05 7.153971053240650024e-02 3.095723071756248501e+00
-6.499620891655896557e+05 7.153971053240650024e-02 3.095723071756248501e+00
-6.496229278456841130e+05 7.144610375084844978e-02 3.095766791385112793e+00
-6.494132645766369533e+05 7.122534720110386408e-02 3.096291169788170539e+00
-6.488258782220634166e+05 7.188153545691867985e-02 3.095058336438113233e+00
-6.487349990103698801e+05 7.191597121595748321e-02 3.094958202167692463e+00
-6.486865388116860995e+05 7.192118534591813994e-02 3.094966495713229904e+00
-6.486401227053347975e+05 7.195095993395667078e-02 3.095485402831186228e+00
-6.484453597512786509e+05 7.198520332842892056e-02 3.095387608424648551e+00
-6.484453597512786509e+05 7.198520332842892056e-02 3.095387608424648551e+00
-6.483333260847101919e+05 7.204594493850569048e-02 3.095693072140843771e+00
-6.481393759194075828e+05 7.188515954197821634e-02 3.095651938971036632e+00
-6.478967956721213413e+05 7.206278594995448039e-02 3.095790198316079600e+00
-6.473600980861103162e+05 7.212639361988465447e-02 3.093313727305454730e+00
-6.471839742751031881e+05 7.220142848746280428e-02 3.093256403783301689e+00
-6.467394738776859595e+05 7.156728924051182494e-02 3.092831537555758903e+00
-6.467820034647658467e+05 7.144842376620061386e-02 3.093248107058328866e+00
-6.465738576052938588e+05 7.133688714523135632e-02 3.093939190343173884e+00
-6.465622265261653811e+05 7.182155338044146631e-02 3.093545699923200054e+00
-6.457855573476044228e+05 7.198204844341622721e-02 3.093513556558286304e+00
-6.454293510078723775e+05 7.188601980014205917e-02 3.093461534413632474e+00
-6.451801398199140094e+05 7.195461449874535065e-02 3.093484638622812977e+00
-6.451559161282831337e+05 7.194852754208834467e-02 3.093666922060920310e+00
-6.451367775329034775e+05 7.194853567925343918e-02 3.093677718948794286e+00
-6.450919973679954419e+05 7.201897113786645543e-02 3.093712824180832488e+00
-6.445082745517609874e+05 7.206914790489937772e-02 3.093452500076523393e+00
-6.440029163784408011e+05 7.200451929565918063e-02 3.093435497737878848e+00
-6.434832590030921856e+05 7.205586327799927415e-02 3.092207526218742508e+00
-6.432317426209513796e+05 7.350452300218764112e-02 3.091480962012536082e+00
-6.431234633978692582e+05 7.357960783238905178e-02 3.091460619479748484e+00
-6.429261235278595705e+05 7.385756025244377687e-02 3.092317128303370577e+00
-6.429261235278595705e+05 7.385756025244377687e-02 3.092317128303370577e+00
-6.429260787434538361e+05 7.385724950933933441e-02 3.092316885934364379e+00
-6.429103969105158467e+05 7.384533933269736561e-02 3.092310127601479497e+00
-6.426399043213258265e+05 7.395570479147831056e-02 3.091686107823290453e+00
-6.421538714509137208e+05 7.406406744607388348e-02 3.091785472872457863e+00
-6.415020540529955178e+05 7.390431423022196522e-02 3.091436628604444348e+00
-6.415040892588776769e+05 7.399628541752724387e-02 3.091383608717631848e+00
-6.415085837690153858e+05 7.406427139694821138e-02 3.091589188616328698e+00
-6.411236300683736335e+05 7.456135322932412601e-02 3.093350710299385131e+00
-6.411019677910559112e+05 7.451942510512002404e-02 3.093481587050695758e+00
-6.410848609624875244e+05 7.454377759298555506e-02 3.093623363989436825e+00
-6.410938612929802621e+05 7.458881341637582651e-02 3.093629235194964355e+00
-6.410840621601298917e+05 7.459206325503413282e-02 3.093636770074349229e+00
-6.410566291147286538e+05 7.458529425867858886e-02 3.093615875535183690e+00
-6.410566291147286538e+05 7.458529425867858886e-02 3.093615875535183690e+00
-6.408845528083057143e+05 7.456673521429534046e-02 3.093090105682910540e+00
-6.408800806301382836e+05 7.460868817569023259e-02 3.093264248682196182e+00
-6.408317117087051738e+05 7.418427888545169047e-02 3.093520552398601353e+00
-6.404521372459616978e+05 7.432183077271974081e-02 3.093480307060121781e+00
-6.401195800636864733e+05 7.434753542877541033e-02 3.092617881723814133e+00
-6.393365285917649744e+05 7.389529303463437948e-02 3.093357309169721514e+00
-6.393597276637788163e+05 7.398705268201757890e-02 3.093694467244645807e+00
-6.393479302695401711e+05 7.395969591978200641e-02 3.094232984557868438e+00
-6.392734695130967302e+05 7.330072991183603226e-02 3.094099561088433425e+00
-6.389930939977342496e+05 7.327732590596705564e-02 3.094352222235104755e+00
-6.389591389072930906e+05 7.327373745491547186e-02 3.094418030122349617e+00
-6.388815487017938867e+05 7.296312249040971809e-02 3.094207821985296203e+00
-6.386249937819455517e+05 7.304127466193852114e-02 3.094375131494492059e+00
-6.386084526563467225e+05 7.303775261276224118e-02 3.094723806650164999e+00
-6.384784503838300006e+05 7.304390128265854376e-02 3.094813461400401255e+00
-6.384784503838300006e+05 7.304390128265854376e-02 3.094813461400401255e+00
-6.383608461256219307e+05 7.309195500590132122e-02 3.094796239104587343e+00
-6.382898829607721418e+05 7.299041505400535867e-02 3.094993785529939423e+00
-6.382054907036706572e+05 7.300478504908443356e-02 3.095023368562194399e+00
-6.381962337644556537e+05 7.301541051042133301e-02 3.095045954435902580e+00
-6.382108789980601287e+05 7.301611402972374432e-02 3.095223596410234812e+00
-6.380313609965720680e+05 7.289143920874963101e-02 3.095755105835404475e+00
-6.372677141948790522e+05 7.301227322597564351e-02 3.094074286511542482e+00
-6.368723000854614656e+05 7.173981671662971182e-02 3.094305440216864156e+00
-6.368097675658148946e+05 7.172945938933539267e-02 3.094150566675905267e+00
-6.366781721635998692e+05 7.169712789158579069e-02 3.094769237682466034e+00
-6.363770631012768717e+05 7.171199136235950622e-02 3.094791239593641663e+00
-6.363483971501279157e+05 7.170258162868234364e-02 3.094801557795543889e+00
-6.362574330881356727e+05 7.172979206943493058e-02 3.094803046986366102e+00
-6.360070903250125702e+05 7.183972337406183128e-02 3.094711703727961005e+00
-6.360070903250125702e+05 7.183972337406183128e-02 3.094711703727961005e+00
-6.357900448707405012e+05 7.187423685909377635e-02 3.093819434577458782e+00
-6.354463786630636314e+05 7.256098603739451203e-02 3.092723244181018405e+00
-6.354712505975278327e+05 7.257907714936297217e-02 3.093057869336821142e+00
-6.349606904057021020e+05 7.252420562096606460e-02 3.093112936912770561e+00
-6.349389387330453610e+05 7.262617692881395692e-02 3.093314515383373209e+00
-6.347441530049695866e+05 7.260197543524919694e-02 3.093526197170790581e+00
-6.342736507137065055e+05 7.232362879088950758e-02 3.093336628076759354e+00
-6.339789458698907401e+05 7.207590692979778946e-02 3.092862312998868379e+00
-6.328142966439909069e+05 7.194773006512371338e-02 3.089361512203955495e+00
-6.328391322548083263e+05 7.187263064641029320e-02 3.089572661263801479e+00
-6.326840791464745998e+05 7.186989778184338373e-02 3.089545687697112353e+00
-6.326832381588924909e+05 7.187018819573810779e-02 3.089544666289241626e+00
-6.325923368955908809e+05 7.189991267994705337e-02 3.089730862480048135e+00
-6.324044215283343801e+05 7.179646240810169666e-02 3.089006525562243421e+00
-6.322880824554209830e+05 7.219464983739816433e-02 3.088882723079525050e+00
-6.320678601962350076e+05 7.226917708066911417e-02 3.088850090974832430e+00
-6.320669318212869111e+05 7.220341221538552345e-02 3.089119874064032878e+00
-6.317033361219634535e+05 7.215226080065779979e-02 3.090151533013538732e+00
-6.315360572889756877e+05 7.232278724156522565e-02 3.089949986153677219e+00
-6.315023273191780318e+05 7.230087829104474284e-02 3.090031067019527011e+00
-6.310408736841196660e+05 7.222726818617948574e-02 3.090411757532921300e+00
-6.309232942265555030e+05 7.216806071509740406e-02 3.090287526055511602e+00
-6.308855445326799527e+05 7.215209785196891046e-02 3.090294006820630379e+00
-6.307678476683174958e+05 7.214463935077865264e-02 3.090236084646827752e+00
-6.306986377472593449e+05 7.215791277171718088e-02 3.090530520550527793e+00
-6.306776488842839608e+05 7.214712594945472957e-02 3.090562138668388137e+00
-6.306654188366830349e+05 7.214779580922829616e-02 3.090663894973957770e+00
-6.306646162984081311e+05 7.214781508475266725e-02 3.090664962002320770e+00
-6.305677556137940846e+05 7.203413004447431489e-02 3.090790790060739646e+00
-6.304136441418203758e+05 7.200970417215794839e-02 3.090972034165227811e+00
-6.302066088015135610e+05 7.205343629281060758e-02 3.091437396428281303e+00
-6.301852969509182731e+05 7.213728944705066759e-02 3.091429824058551379e+00
-6.297888870016292203e+05 7.152653803515772457e-02 3.093357376320478025e+00
-6.293779291983646108e+05 7.173604073383774149e-02 3.094235358608208308e+00
-6.283207630650947103e+05 7.194856044625690117e-02 3.093774842770233846e+00
-6.282971479164976627e+05 7.192478356166102926e-02 3.093801392748711798e+00
-6.280441524445046671e+05 7.192645739551582762e-02 3.093715190845557128e+00
-6.276327212324953871e+05 7.196353342881478543e-02 3.094139519543694927e+00
-6.274176565791196190e+05 7.197563043054612530e-02 3.094337625751504728e+00
-6.273835160235200310e+05 7.213714044083786858e-02 3.094434734902787199e+00
-6.269985685482013505e+05 7.158827755896028655e-02 3.094731261888443719e+00
-6.269161003761140164e+05 7.164914473408814932e-02 3.094724534596016152e+00
-6.265696076206847792e+05 7.131222828623803855e-02 3.094466053765162705e+00
