Ca 1 3.30598871891 1.0
Fe 1 3.30564539918 1.2
Fe 2 3.30547945015 1.49
Fe 1 3.30528593744 2.59
Cr 2 3.30516892435 2.13
Tm 3 3.30482903423 1.07
Fe 1 3.30464053019 1.72
Fe 1 3.30411732397 0.66
Fe 2 3.30387114588 0.27
Mn 2 3.30371910785 1.05
Cr 2 3.30347967854 1.43
Ca 1 3.30330734612 1.14
Fe 2 3.3030644566 1.68
Ta 1 3.30226933136 1.13
Ti 1 3.30144663296 0.75
Gd 2 3.30134870324 1.13
Cr 1 3.30112016454 1.72
Fe 1 3.30090440031 1.51
K 2 3.3004052186 1.72
Fe 1 3.30014035599 1.03
Cr 1 3.29993578641 1.55
Ti 1 3.29968461071 0.48
Th 1 3.29947561952 0.88
Cr 2 3.29915129655 1.87
Tm 2 3.29899626916 1.06
Ni 2 3.29806614753 0.92
V 2 3.29782429129 2.21
Mn 1 3.29765088194 1.5
Sm 2 3.29740820963 1.38
V 2 3.2972584319 1.44
V 2 3.29712480097 1.23
Fe 3 3.29698460535 1.51
Fe 1 3.29652079102 1.5
Tm 2 3.29628389371 1.52
Ca 1 3.29596676929 1.5
Ti 2 3.29581107731 1.14
Gd 1 3.29551243872 1.66
Ni 1 3.29516200819 0.92
W 2 3.29429619248 0.97
Fe 1 3.29413286884 1.0
Cu 1 3.29377249379 1.76
Fe 1 3.29260221271 1.09
Cr 1 3.29247385519 0.59
Fe 1 3.29212022428 1.22
Y 1 3.29161434509 1.55
Mn 2 3.29147435554 1.23
Cr 2 3.29115186565 2.11
Mn 2 3.29041643023 1.61
Cr 1 3.29024327514 0.41
Gd 2 3.29010532296 1.8
Fe 1 3.28983512737 1.26
Nd 2 3.28928134332 1.1
Ni 2 3.28917741504 1.49
V 1 3.2888723 0.35
Mo 1 3.28871509668 1.02
Fe 1 3.28853775937 2.23
Fe 1 3.28844294888 1.23
V 2 3.28786286619 0.62
Fe 1 3.28740536266 1.5
Mn 2 3.28726372627 0.41
Mn 2 3.28695373771 2.31
Co 2 3.28687235035 1.34
Fe 2 3.28648176453 1.42
Cr 1 3.28612349698 1.77
Fe 1 3.28577836922 1.11
Mn 2 3.28548528964 0.83
Y 2 3.28493279486 1.0
Ti 2 3.28465666065 1.71
Fe 6 3.28449307325 1.8
Ni 1 3.28385306365 1.03
Fe 1 3.283607113 1.75
Ti 2 3.28343336951 1.2
Fe 2 3.28307454915 1.42
Co 2 3.28254719862 2.07
Fe 1 3.28222028639 1.06
Tm 2 3.28168643503 1.55
Cr 2 3.28145583368 1.32
Tm 2 3.2812920439 1.41
Cr 2 3.28112957295 -0.18
Fe 2 3.28047151745 1.76
Fe 1 3.2789763346 0.88
Co 2 3.2786797852 0.55
Cu 2 3.27832625048 1.09
Fe 1 3.2778825761 1.8
Fe 1 3.27774271226 0.47
Sm 2 3.27709225097 2.87
Sc 1 3.27694258092 1.19
Ta 1 3.27632499014 1.81
Y 1 3.27593803213 1.06
Co 2 3.27565561915 0.8
Cr 2 3.27504751039 2.01
Ti 1 3.27484119582 1.31
Mo 1 3.27465575115 0.68
Fe 1 3.27422197571 -0.01
Ni 2 3.27379367471 1.27
Fe 2 3.27317096212 0.6
Y 2 3.27247895313 0.9
Ni 3 3.27233272702 1.04
S 1 3.27205585737 1.26
Co 2 3.27196657129 1.1
Ce 2 3.27172187986 0.52
Fe 1 3.2715095961 1.31
Cr 1 3.2712640236 1.98
Mn 1 3.27117046543 1.5
Co 2 3.27092813668 1.25
Mn 2 3.27069067553 2.5
Cr 1 3.27016444921 1.53
Cr 3 3.27005568813 0.76
Yb 1 3.26984534525 0.9
Fe 1 3.26949733421 -0.35
Ni 1 3.26933361529 1.22
Fe 1 3.26891288376 0.43
Sc 1 3.26848304093 0.82
Fe 2 3.26825446367 1.25
Ce 2 3.26801360042 1.3
Ho 3 3.26760121746 1.19
Cr 1 3.26737741323 1.47
V 4 3.26722914581 0.55
Sc 1 3.26703199338 0.88
Fe 1 3.26658603458 1.7
Fe 1 3.26617031198 0.9
Gd 2 3.26584975035 1.97
Ti 2 3.26542183068 0.94
Ti 1 3.2651907577 1.13
Co 1 3.26487520284 1.91
Cr 1 3.26470429559 1.55
Fe 1 3.26450418147 1.4
Fe 1 3.26401362747 1.21
V 1 3.26337830937 0.88
P 2 3.2631264843 0.97
Cr 2 3.262934292 0.29
Ni 1 3.26226248389 1.34
Mn 2 3.26213184613 2.75
Fe 2 3.26178864999 0.42
Fe 1 3.26157379225 1.16
Mn 2 3.26141498389 1.32
Fe 1 3.26130088478 0.92
Fe 1 3.26103994526 1.13
U 2 3.26078728031 0.95
V 2 3.260157418 2.05
Th 1 3.26010392607 0.76
Fe 1 3.25996008948 1.44
V 1 3.25975901385 1.55
Mn 1 3.25929730231 1.49
Co 2 3.25907669015 1.19
Cr 1 3.25877670553 1.11
Fe 2 3.25864120803 0.07
Cu 1 3.25815866465 1.28
Fe 1 3.25801422915 1.16
Fe 1 3.2574131657 1.12
Ce 2 3.25698368932 1.75
V 3 3.25687828425 0.97
Ti 1 3.25661942057 0.99
Fe 5 3.25627798192 0.09
Sm 2 3.25594738838 3.77
Ce 2 3.25579092286 1.17
Fe 1 3.25564729562 0.55
V 1 3.25544401635 0.78
Fe 1 3.25526494988 1.29
Yb 2 3.25498566262 0.57
Cu 2 3.25453598094 -0.05
Fe 1 3.25353325308 1.14
Fe 1 3.25329523763 1.71
V 1 3.25307074277 1.46
Fe 1 3.25256442003 0.67
Mo 1 3.25206669963 1.53
Fe 1 3.25163718209 1.24
Ti 2 3.25128715292 1.19
Fe 1 3.25107708634 1.06
Mn 2 3.25085204512 0.53
Y 1 3.25067007435 0.99
Mn 1 3.25029946247 1.47
Ni 2 3.25009301657 1.03
Ce 2 3.24918736734 1.05
Cu 2 3.24892172196 1.26
Yb 2 3.24877214527 1.38
Mn 1 3.24843073295 2.1
Fe 1 3.2482789037 1.97
Ti 1 3.24766415737 1.26
V 1 3.24749317589 1.42
Fe 2 3.24707651583 1.59
Cr 1 3.24695244851 1.31
Cr 1 3.24606945495 0.61
Eu 2 3.24592897856 1.4
Ce 2 3.24566131674 0.96
Fe 1 3.24529864168 1.21
Co 2 3.24465623723 1.13
V 1 3.24439727512 1.53
V 1 3.24431730239 0.62
Fe 1 3.24410185408 0.7
Cr 3 3.24399235823 1.8
Ti 1 3.24323101474 1.01
Cu 1 3.24293122564 0.64
Mn 1 3.24268042602 1.16
S 1 3.24246129436 0.47
Mn 2 3.24236640869 2.33
V 3 3.24219157582 0.41
Mn 1 3.24188231535 1.03
Ni 3 3.24147963611 1.08
Ni 3 3.2410679066 1.23
Ni 3 3.24066483672 1.53
Nd 2 3.24022333698 0.52
Sc 4 3.24003103891 0.85
Ta 1 3.23985501855 1.21
Cu 2 3.2396476117 1.18
Mn 2 3.23922492257 2.51
Fe 1 3.23902707357 1.02
Cr 2 3.23873254505 1.56
S 1 3.23842402867 0.92
Fe 1 3.23772422658 1.01
Ca 3 3.2373881754 0.96
Er 2 3.23677821999 1.17
Fe 1 3.23645748767 1.47
Ce 2 3.23631226652 1.18
Fe 3 3.23574612144 0.89
Cr 1 3.23522896823 1.5
Co 2 3.23474675048 0.95
Ho 3 3.2346075899 1.17
Fe 1 3.23439199484 1.29
Fe 3 3.23393288578 0.82
Co 2 3.23361516281 1.27
Ni 2 3.23204778895 1.62
Fe 1 3.23184373926 1.16
Cr 3 3.2316880655 0.84
Ti 1 3.23147462813 1.06
Gd 2 3.23135116066 1.74
Fe 1 3.23116555611 -0.31
V 1 3.2301837395 1.6
Nd 2 3.22961300622 -0.17
Cr 2 3.22939370241 1.0
Cr 2 3.22893483385 1.34
Sm 2 3.22838042955 0.62
Ce 2 3.22812456312 0.63
Fe 1 3.22787461978 0.76
Ni 1 3.22769025465 0.61
Mn 1 3.22753313234 1.08
Ce 2 3.22703850705 1.16
Cu 2 3.22629525817 1.13
Zr 2 3.22621953335 0.96
Fe 1 3.2260194086 0.98
Cr 1 3.22563912247 1.04
V 2 3.22539770284 1.0
Fe 2 3.22520070033 0.49
V 1 3.22502855259 1.42
Ce 3 3.22492268917 1.25
Fe 2 3.22440328742 0.91
Co 1 3.22416389729 1.2
Fe 1 3.22397475811 0.82
Fe 1 3.22373115674 1.0
Fe 1 3.22337512572 1.0
Cu 1 3.22317233718 1.97
Fe 1 3.2230478276 1.33
Cr 3 3.22292341143 1.06
V 1 3.22260726162 1.3
Fe 1 3.22180074911 2.03
Co 2 3.22159196409 1.28
La 2 3.2211970711 0.69
Ni 3 3.22090184345 0.67
Co 1 3.22075759656 0.8
Os 1 3.22038716549 1.3
Fe 1 3.21968493565 1.25
Co 1 3.21957741624 2.06
Cr 1 3.21851957748 1.5
Fe 1 3.21821849179 1.23
Dy 2 3.21783628433 1.25
Cr 3 3.21746644141 2.58
Yb 2 3.21684135052 1.8
Fe 1 3.21672100166 1.26
Ce 2 3.21594329119 1.31
Ni 3 3.21568672341 1.9
Fe 1 3.21548581839 1.2
Ca 1 3.21533154971 0.7
Fe 1 3.21504840097 1.5
Fe 2 3.2141498425 0.96
Fe 1 3.21396162643 0.76
Mn 1 3.21356010584 1.23
Mn 2 3.21344066866 0.5
Fe 1 3.21329733911 1.43
Ti 2 3.21295601476 1.5
Fe 1 3.21268144243 1.05
Fe 2 3.21209382557 0.71
Co 1 3.2110563662 0.92
Fe 5 3.21091067144 1.04
Ce 2 3.21070886613 1.96
Co 2 3.20990331125 1.09
Ti 1 3.2096768711 1.38
Tm 2 3.20948186733 1.12
Mn 2 3.20919916642 0.93
Ce 2 3.2089219137 1.1
Fe 2 3.20871213716 1.3
Fe 1 3.2084509929 1.52
Yb 2 3.20797506408 0.93
Co 1 3.20742874607 0.71
Cr 2 3.20703864468 0.9
Ti 1 3.20667584099 1.15
V 2 3.2064021751 1.34
Fe 1 3.20622158121 0.7
Fe 1 3.20603263444 1.48
Cr 1 3.20544264044 0.42
Mo 1 3.20502791796 0.96
Ti 1 3.2044951923 0.93
Fe 2 3.20424583053 0.16
Ti 1 3.20405736496 0.8
Co 1 3.20328361332 1.43
V 3 3.20228119778 0.32
S 1 3.20164496143 1.14
Fe 1 3.20130982758 1.06
Sc 4 3.2011500561 0.75
Ti 1 3.20078147711 1.34
Fe 1 3.20061630523 1.01
Co 1 3.20045544636 1.08
Sc 1 3.19998304273 1.08
Fe 2 3.19936513889 1.58
Fe 2 3.19909329717 1.23
Ni 6 3.19893011527 1.07
Fe 1 3.19873402187 2.25
Fe 1 3.19821328611 1.2
Fe 2 3.19806726961 1.37
Ce 2 3.19796523096 1.08
Cr 3 3.19746915361 1.38
Mn 1 3.19709664011 1.5
Ce 2 3.19684801627 1.17
Cu 2 3.19663272741 1.94
V 1 3.19610732015 1.65
V 4 3.19580472903 1.01
Ni 1 3.19515278349 1.04
Sm 2 3.19484485727 1.77
Fe 1 3.19433534506 1.65
Fe 4 3.19391090311 -0.02
Fe 1 3.19373558012 2.51
Ti 1 3.19355945379 1.2
S 1 3.19309681367 1.61
Cr 1 3.1927541763 0.03
Cr 1 3.19247811358 0.14
Fe 1 3.1918838118 1.54
Fe 1 3.19167346343 1.73
Ni 2 3.19148630955 0.78
Pr 2 3.1911962562 1.07
Fe 1 3.1909374624 1.05
Fe 2 3.1907385704 0.61
Fe 1 3.19059906516 1.1
Fe 1 3.19030383711 1.5
K 2 3.18987644436 1.5
V 2 3.1896718584 0.83
Ce 2 3.18899378579 1.04
V 1 3.18847375634 0.34
Cr 2 3.1882083533 1.25
Sc 2 3.18752746087 1.22
Cr 2 3.18732161928 1.51
Cr 1 3.18708835882 0.73
Fe 1 3.18693205163 1.58
Ti 1 3.18679287905 0.87
Fe 4 3.18656133395 1.47
Tm 2 3.18601941901 1.12
Cu 1 3.1857911788 0.9
Ni 4 3.18567215975 1.51
Fe 1 3.18481301445 1.04
V 1 3.18452122817 0.19
Sm 2 3.18393135664 2.08
Fe 1 3.1835895389 0.88
Cr 2 3.18343480078 2.3
Co 1 3.18317138005 0.63
Cr 2 3.18296969609 1.39
Ce 2 3.18279630755 0.75
Fe 1 3.18262702274 1.5
V 2 3.18223329277 0.24
U 2 3.18171301618 -0.03
Mn 1 3.18114720134 0.94
Fe 1 3.18099931121 0.75
Cr 2 3.18069508601 1.05
Tm 2 3.18029824448 1.09
Yb 2 3.17986667752 0.73
V 1 3.1793135035 1.66
Nd 2 3.17890363962 1.3
Ti 2 3.17864267954 1.11
Yb 2 3.1784205468 1.34
Ti 1 3.17830028538 1.29
Cr 1 3.17754950917 1.07
V 1 3.17724643197 1.28
Mo 1 3.17667666985 1.68
V 2 3.17643292065 1.45
Fe 1 3.17590794928 0.99
Fe 1 3.17576078991 1.85
Fe 2 3.17532020684 1.84
Fe 4 3.17518733205 1.71
Fe 6 3.17500625316 1.02
Tm 2 3.17484251123 0.86
Mn 2 3.17458083563 1.61
Y 1 3.17420729714 1.27
Er 2 3.17394507623 1.31
Fe 1 3.17380159221 1.07
Fe 1 3.17359175191 1.46
Ni 3 3.17341621577 -0.14
Gd 1 3.17329357132 1.67
Cr 1 3.17318961524 0.67
Fe 2 3.17299690842 1.73
Fe 1 3.17262796414 1.04
Tm 2 3.17223808394 1.14
Ce 2 3.17213906655 1.13
Cr 1 3.17196052622 1.5
Mn 2 3.17182379415 0.99
Cr 2 3.17153730362 1.22
V 1 3.17122377307 1.16
Fe 1 3.17106974803 1.53
Cr 2 3.1705154142 2.49
Fe 1 3.17026725937 1.52
Fe 2 3.17013845468 1.43
Ce 3 3.17000317645 1.05
Sc 2 3.16947854554 1.49
Pr 2 3.16933749045 1.4
Th 2 3.16910256155 0.98
Ni 1 3.16900171483 2.16
Cr 2 3.1686947591 2.18
Ni 1 3.1685404128 1.77
V 2 3.16814036472 1.01
Fe 1 3.16800914246 1.46
Co 3 3.1674656694 1.3
Fe 2 3.16731961498 1.79
Cr 1 3.16711807393 1.73
Fe 1 3.16672922315 1.09
Fe 1 3.16652015523 1.22
Mn 2 3.16615352404 1.35
Cr 1 3.16590047352 1.5
V 2 3.16576588006 0.88
Co 2 3.16549810141 0.74
Fe 1 3.16513873655 1.98
Fe 1 3.16499742112 0.72
Cr 1 3.16480384997 1.1
Ti 1 3.16415318501 1.48
Cr 2 3.16396456159 1.07
Cr 1 3.16354992752 1.66
Ti 1 3.16301096884 1.04
Co 1 3.16264555314 1.28
Mn 1 3.16235023244 2.03
Co 1 3.16219101931 1.01
Ce 2 3.16201641949 1.29
Fe 2 3.16185578856 0.3
Cr 3 3.16170484906 0.53
U 2 3.16161366344 1.5
Fe 2 3.16148088528 1.1
Fe 1 3.16119223004 2.26
Fe 2 3.16090725385 1.2
Sm 2 3.16069532806 2.4
Mn 1 3.16051122549 0.84
Ti 2 3.16006270124 1.73
Fe 2 3.15949771615 0.24
Ti 1 3.15921425286 1.21
Sm 1 3.15866888412 1.5
Fe 1 3.15831533211 1.38
Tm 2 3.15804495123 0.4
Ti 1 3.15777268643 1.13
Co 2 3.15765864676 1.27
Nd 2 3.1571438819 1.1
Cr 2 3.15687048636 2.27
V 1 3.15648101366 1.09
Co 1 3.15635573736 0.87
Cr 1 3.15590871303 1.5
Co 1 3.15545290112 -0.11
Fe 2 3.15533854713 1.68
Fe 1 3.15504049479 1.35
Yb 2 3.1549009627 0.88
Mn 2 3.15477573152 -1.8
Fe 1 3.1545691218 1.37
Cr 1 3.15442947088 1.26
Mn 3 3.15428581991 1.77
Ca 3 3.15410479018 0.83
Fe 1 3.15391760353 1.48
Cr 1 3.15319634441 1.63
Fe 1 3.15056020508 0.86
Pr 2 3.15014723572 0.94
Co 1 3.15003030477 1.6
Fe 2 3.14938921968 2.08
Fe 1 3.1489432066 1.83
Co 1 3.14864268296 0.89
V 1 3.14839977895 1.22
Fe 1 3.14815131685 1.17
Fe 2 3.147653871 0.61
Ni 1 3.14749157973 1.18
Fe 1 3.14677780877 1.83
Fe 2 3.14652952274 1.33
Cr 2 3.14610531504 1.63
Fe 1 3.1457888107 1.24
Re 1 3.1456126655 0.6
Fe 2 3.14541962281 0.88
Ce 2 3.14509033182 0.84
Fe 1 3.1448597814 1.15
Cu 1 3.14427813088 0.8
Fe 1 3.14414146266 1.5
Mo 1 3.14401174251 1.18
Fe 2 3.1436169871 1.83
Re 1 3.14303699132 0.83
Fe 2 3.14289804088 1.48
Fe 1 3.14272564468 1.73
S 1 3.14255709072 2.45
Ti 2 3.14213912941 1.34
Fe 3 3.14201506855 1.15
Co 1 3.14152059465 2.15
Fe 1 3.14123055875 1.13
Cr 1 3.14113617333 1.02
Mn 3 3.14091750107 1.22
Fe 1 3.14080380035 1.62
Cu 1 3.1406223259 1.26
Fe 1 3.14035329542 1.14
Fe 1 3.1402104464 1.37
Ni 1 3.13988542582 0.98
Ti 1 3.13953590697 0.54
Ca 3 3.13915141483 0.86
Fe 1 3.13887818616 1.51
Y 2 3.1385628164 1.12
Ce 3 3.13792114842 0.74
Cu 1 3.13754896146 1.52
S 1 3.1374364572 1.13
Mn 1 3.13727998092 1.41
Nd 2 3.13710113598 0.74
Co 1 3.13700041073 1.48
Fe 2 3.13675310964 1.49
Fe 2 3.13650902139 1.13
Ca 1 3.13634668724 1.01
Fe 1 3.13606490363 1.92
Fe 2 3.13577793622 1.08
V 2 3.13524102471 1.51
Fe 1 3.13510062228 1.05
Cr 1 3.13460816364 1.69
Fe 1 3.13438588268 1.67
Fe 1 3.13427328821 1.53
Nd 2 3.1341115023 1.43
Fe 2 3.13371986257 1.27
Fe 1 3.13354166087 0.82
Fe 1 3.13327368369 1.07
Fe 1 3.13279390998 0.94
V 1 3.13254355179 2.17
Ni 3 3.13232528287 1.15
Cr 2 3.13217145242 1.49
Cr 1 3.13190853546 1.92
Fe 1 3.13069389908 0.69
Cr 1 3.13011407832 1.11
Ni 1 3.13001127266 1.64
Ca 1 3.12969934109 0.87
Fe 2 3.12943099381 1.53
Cu 1 3.12920486578 0.5
Fe 3 3.12903617961 1.34
Er 3 3.12866041283 1.04
Cr 2 3.12845207843 0.25
Fe 1 3.12820478149 1.86
Ce 2 3.12799603426 1.5
Ti 1 3.12754272651 1.4
Fe 1 3.1273482666 1.87
Fe 1 3.12656483424 1.47
Fe 1 3.12627771083 0.68
Fe 1 3.12612928193 1.98
Cr 2 3.12568636496 1.83
Fe 1 3.1255390953 0.42
Cr 1 3.12322982587 1.11
Mn 3 3.12271851643 1.92
Fe 1 3.12224983213 0.81
Fe 1 3.12198802782 0.9
Fe 1 3.12159713273 0.38
Eu 2 3.12146848026 1.53
Cr 1 3.1213191718 1.47
C 2 3.12101816224 0.2
Fe 1 3.12073896905 1.12
Co 1 3.12055988435 1.44
Er 1 3.12021865923 1.19
Ni 3 3.119971406 1.39
Ti 1 3.11975119597 0.58
Cr 2 3.11955597692 1.1
Sm 1 3.11938338501 1.51
Fe 1 3.11928952312 2.48
Cr 1 3.11908047313 0.51
Fe 1 3.11894010206 1.01
Fe 1 3.11843639242 1.44
Ce 3 3.11825004305 1.11
Fe 1 3.11801321699 0.52
Cr 1 3.11779884984 1.01
Fe 1 3.11764103362 0.88
Co 1 3.11738791817 1.24
Fe 1 3.11695029551 1.82
Fe 1 3.11638871353 1.79
Co 1 3.11623761923 1.07
Fe 3 3.1160783947 -0.43
C 2 3.11582412344 0.86
Co 1 3.11555799358 1.36
Fe 1 3.11546592747 0.99
Sc 1 3.11534419873 1.2
Fe 1 3.11469023601 1.57
Ta 2 3.11440145597 1.88
Ni 2 3.11431853256 0.84
Co 1 3.11379551279 1.63
Co 2 3.11362238479 1.3
Y 2 3.11315345633 1.04
Gd 2 3.11283213661 1.64
Fe 1 3.11255675018 1.08
Fe 1 3.1124146217 0.83
Ni 3 3.11209478245 1.03
Ni 1 3.11194051124 1.25
Cr 1 3.11179383109 1.01
Ni 3 3.1115329964 1.09
Fe 1 3.11132350127 0.56
Ni 3 3.11098601033 1.05
Ce 3 3.1103535389 1.15
Cr 1 3.10989986944 1.79
Co 1 3.10962071201 1.49
Ni 3 3.10940975871 1.32
Ti 2 3.10923883345 1.22
La 2 3.10852640544 1.32
Fe 1 3.10815235363 0.3
Fe 2 3.1079776711 1.14
Ni 1 3.10767214077 1.21
Y 1 3.10754416618 0.35
Fe 2 3.10739089096 3.15
Ce 2 3.107295491 1.47
Y 2 3.10708532024 1.42
Ni 3 3.10693427027 0.04
Cr 1 3.10650603782 0.67
V 1 3.10618764517 2.51
Co 1 3.10606111564 0.96
Fe 1 3.1056161653 0.99
Fe 1 3.10551379575 0.94
Ca 1 3.1051751531 1.56
Co 1 3.10496052582 0.98
Cu 1 3.10456167783 0.82
Fe 1 3.10417373516 1.22
Mn 2 3.10386343529 1.18
V 2 3.10373072391 3.23
Co 1 3.10324574014 1.17
La 2 3.10290176778 0.9
Fe 1 3.10272099735 0.61
Mn 1 3.10264855532 0.94
Cr 1 3.10249102693 1.05
Pt 1 3.10226706758 1.15
Fe 1 3.10209863419 0.71
C 1 3.10195683833 1.04
V 2 3.10184617361 0.99
Nd 2 3.1016209883 2.01
Fe 2 3.10123036702 0.89
Fe 1 3.10111510018 0.91
Fe 1 3.10079626058 1.29
Ni 3 3.10066125243 1.04
Cr 2 3.10039212422 2.32
Ce 2 3.10019652966 1.08
Fe 1 3.09959214884 0.99
Fe 1 3.09940951689 1.67
Fe 1 3.0992506903 1.11
V 2 3.09871405436 1.13
Sc 1 3.0984821222 2.08
Y 1 3.09831797083 1.69
Fe 2 3.09799986093 1.48
V 3 3.09766610544 0.58
Fe 1 3.09754452548 1.87
V 2 3.09733776085 0.92
Ce 2 3.09668862814 1.23
Cu 2 3.0965015434 0.93
Fe 1 3.09637858558 1.39
Co 2 3.09583281716 1.25
Fe 1 3.09568641479 1.31
V 1 3.0955440452 0.97
Fe 2 3.09537479546 1.15
V 2 3.09519266014 1.18
Fe 2 3.09484629899 -1.33
Fe 1 3.09472239114 0.85
Ca 1 3.09447707669 1.06
Ce 2 3.09436524598 1.17
Fe 1 3.0939803105 0.77
Ni 4 3.09385863367 1.1
Fe 1 3.09347204898 0.87
Pr 3 3.09329553974 1.13
Gd 2 3.09271668143 1.52
Er 2 3.09252614232 1.15
Mn 1 3.09221955478 1.68
Er 3 3.09210125524 1.45
Sc 1 3.09189660453 1.27
Mn 2 3.09174032022 0.35
Tm 2 3.09142032207 1.14
Fe 1 3.09127387428 1.3
Ti 1 3.09115842155 0.42
Fe 1 3.09078545563 1.19
Fe 1 3.09055640362 1.14
Ca 1 3.09014368722 1.25
Mn 2 3.09002631658 0.98
Sc 1 3.08981424027 1.95
Nd 2 3.08939448588 1.0
Co 2 3.08908436281 1.38
Dy 1 3.08893267227 1.6
Fe 1 3.08887988038 1.5
Ni 2 3.08858394058 0.99
Fe 1 3.08838575572 1.0
Tm 2 3.0883135969 1.25
Nb 1 3.08808252673 1.17
Ni 2 3.08766001313 0.62
Fe 1 3.08693368925 0.68
Cu 1 3.08667293257 2.15
Cr 1 3.08638824858 1.91
Fe 4 3.08612835221 2.23
Sc 1 3.0858973785 1.49
Mn 1 3.08564240278 1.51
Fe 1 3.08551431643 1.09
Ce 2 3.08490774008 1.15
Fe 1 3.08414795614 1.01
Mn 2 3.08398647067 0.52
Fe 1 3.08381318988 0.97
Co 1 3.08349460042 1.33
Fe 2 3.08316081935 0.66
Fe 1 3.08295482056 1.41
Fe 1 3.08275306503 1.07
Ni 3 3.08262345563 0.63
Ni 3 3.08246718771 0.68
Fe 1 3.08231430726 0.62
Fe 1 3.08208382746 1.71
Fe 2 3.08186257477 -0.74
V 2 3.08159516801 1.02
Co 2 3.08136464259 1.63
Fe 1 3.08104502751 0.96
Cr 2 3.08076934196 1.24
Ti 1 3.0806810044 1.53
Fe 1 3.08056343298 0.84
Fe 3 3.08035012806 1.17
Ti 2 3.08025370281 1.06
Fe 2 3.0800296522 0.48
Fe 1 3.07972722028 1.48
Cr 1 3.07946416123 2.69
C 2 3.07924511988 1.2
Fe 2 3.07877089203 1.24
Ca 1 3.07852779411 1.24
Ce 2 3.07829520522 1.05
Ti 1 3.07779926547 1.36
Ni 2 3.07747779239 1.09
Ni 1 3.077082384 1.51
V 1 3.07697058518 0.89
Cu 1 3.07680748345 1.5
Fe 1 3.07663714612 -0.23
Fe 1 3.076390492 1.48
Cr 2 3.07625744803 1.81
Fe 1 3.07615830227 1.08
Fe 3 3.07594858309 1.09
Fe 2 3.07558149074 0.87
Pr 2 3.07519328159 1.07
Fe 1 3.07503509673 0.84
V 1 3.07465632768 1.22
Fe 1 3.07452694076 0.64
V 1 3.07418999116 1.71
Mn 2 3.07377698562 1.03
Mn 1 3.07311468606 1.73
Fe 1 3.0725331523 1.89
Mn 1 3.07217045251 1.5
Fe 1 3.07167838664 1.05
Th 2 3.0715273354 0.57
Co 1 3.07137652727 1.05
Fe 1 3.07110234094 1.02
Cr 1 3.0709727205 1.07
Ni 1 3.07067693172 1.13
Fe 1 3.06996169156 1.33
V 1 3.06984052835 0.29
Cr 1 3.06960643833 1.14
V 2 3.06924549286 1.45
Fe 1 3.06896279887 0.53
Fe 1 3.06884870279 1.64
Cr 1 3.06870142353 -0.78
Fe 1 3.06843113186 1.01
Ni 1 3.06833195838 0.73
Mn 1 3.06789061542 1.56
Ce 2 3.06695679619 1.22
Sm 2 3.06671442247 0.86
Gd 1 3.06610315849 1.79
Fe 3 3.06594128261 1.33
Ca 1 3.06577768024 1.17
Cr 2 3.0654253652 0.06
Mn 1 3.06503653312 1.29
Mn 1 3.06482249403 1.96
Zr 2 3.06465787475 0.56
Fe 1 3.06450721019 1.25
Tm 2 3.06433149147 0.69
Fe 1 3.06401911031 1.63
V 1 3.06380188203 1.16
Fe 1 3.06337864416 1.03
Mn 1 3.0622909198 1.5
Mn 1 3.06209957355 1.05
Ni 3 3.06199120504 1.05
C 2 3.06184730533 1.14
V 1 3.06146535237 2.29
Zr 2 3.06109634266 1.1
Zr 1 3.06097542479 1.0
Fe 1 3.06082950476 1.84
V 2 3.06054850998 1.24
Yb 2 3.06032807211 0.81
Mn 3 3.06005895131 1.2
Fe 1 3.05989053885 1.08
Mn 1 3.05960586578 1.09
Mn 1 3.05947366561 0.95
Cu 2 3.05930720478 0.54
Fe 2 3.05911540094 -0.48
Mn 2 3.05887207642 1.22
Cr 2 3.05875050414 1.94
Ni 2 3.05844914314 1.07
Zr 1 3.05798122324 0.62
Fe 2 3.05769102341 1.31
Zr 1 3.05754081687 0.73
Mn 1 3.0574044976 0.7
Mn 1 3.05715631916 1.59
Fe 2 3.05681178584 2.47
Ti 2 3.05666890003 1.85
Fe 1 3.05654900986 1.0
Tm 2 3.05588560171 1.35
Fe 2 3.05579160577 0.25
Fe 3 3.05568217708 1.07
Ni 2 3.05560905326 1.07
Mn 1 3.05534558049 1.73
Fe 2 3.05514200191 1.7
Co 1 3.0548539966 0.88
Cr 1 3.05472416356 0.87
Nb 1 3.05460600627 1.23
Mn 1 3.05426626093 1.94
Fe 2 3.05401129464 1.6
Ti 1 3.05360083494 1.44
Tm 1 3.0534369677 1.42
Ca 3 3.05322905686 0.98
Fe 1 3.05297478993 1.72
Sc 1 3.05272432354 1.29
Mn 1 3.05250193 1.36
Fe 2 3.05232593213 1.07
Fe 1 3.05196325416 1.69
Cu 1 3.05181578827 1.14
Co 2 3.05132150963 0.68
Fe 1 3.05109736826 1.09
Fe 1 3.05075667637 1.2
Ti 1 3.05063387177 1.48
Cr 1 3.05046191691 1.73
Mn 1 3.04998390772 0.97
Fe 1 3.04975621191 -0.01
Fe 1 3.04918820845 1.21
Co 1 3.04901739128 1.27
Fe 1 3.04885304094 1.06
Cu 1 3.0485546764 1.24
Fe 1 3.04833903567 1.06
Fe 1 3.04817678183 1.73
Fe 1 3.0478091703 1.54
Co 1 3.04738749286 1.29
Fe 1 3.04699401254 1.65
Fe 1 3.04658820668 1.47
Ni 3 3.04627763608 0.54
Gd 2 3.04608970763 1.68
Fe 1 3.04571840941 1.39
Zr 2 3.04547990442 1.46
Co 2 3.04513515569 0.67
Fe 1 3.04498879759 1.38
Ti 1 3.04454793864 1.66
Cu 2 3.04441621419 1.52
Fe 1 3.04369499689 1.82
Fe 1 3.0434816867 1.42
Ni 1 3.04326564255 1.17
Fe 1 3.04271707906 1.09
S 1 3.04248874973 -0.0
Ce 2 3.04203473156 1.2
C 2 3.04185501305 1.2
Sc 1 3.04164419925 0.66
Fe 1 3.04134135014 1.51
Fe 2 3.0412035622 0.57
La 2 3.04080339893 0.99
Mn 1 3.04004155252 0.75
Fe 1 3.0397099577 1.39
Mn 1 3.03939631725 0.95
V 2 3.03927040237 1.18
Fe 1 3.03894918044 1.88
Fe 1 3.03867270981 1.5
Fe 1 3.03817627639 1.8
Fe 1 3.03788558037 1.43
Fe 1 3.03726000962 1.29
Ni 1 3.03701739681 0.79
Ca 1 3.03664153884 1.12
Ce 2 3.03643070339 1.12
Fe 3 3.03613885431 0.57
Fe 1 3.03548672794 1.22
Fe 1 3.03510589919 0.96
Cr 1 3.03489594552 1.12
Fe 1 3.03437950585 1.46
Cr 2 3.0342710855 1.35
Fe 2 3.0341403973 2.09
Ti 3 3.03383822394 1.19
Fe 1 3.03355436946 1.52
Fe 2 3.03341929001 2.44
Mn 3 3.03317721618 1.38
Fe 1 3.03303534414 2.39
Mn 1 3.03246784034 1.02
Cr 2 3.03226440671 0.72
Co 2 3.03212217513 0.33
Fe 1 3.03197928958 1.24
Cr 1 3.03142767161 1.21
Fe 1 3.03134503145 1.46
Fe 1 3.03116672195 1.49
Fe 2 3.03098702558 1.22
Fe 1 3.03069222148 1.46
Fe 1 3.03024830835 1.86
Ca 1 3.02992610281 1.0
Co 1 3.02963009846 1.46
Ce 2 3.02942941405 1.09
Ho 3 3.02812949596 1.03
Ca 1 3.02775235939 1.01
Cu 1 3.02746091938 0.81
V 1 3.02734604444 0.97
V 2 3.02721920425 0.62
Cr 1 3.02711639462 1.94
Fe 4 3.02697612359 1.63
Ni 3 3.02687569516 0.8
Fe 1 3.02644693553 1.24
Cr 2 3.02616749073 0.76
Co 1 3.02574040852 0.2
Mo 1 3.02534851177 0.9
V 3 3.02508853382 1.19
Fe 1 3.02470580831 0.44
Ti 1 3.02462205851 1.18
C 2 3.02416332471 1.43
Tm 2 3.02401447639 0.67
Fe 1 3.02346096004 1.7
Fe 1 3.02319607248 0.26
Fe 1 3.02307518181 1.37
Fe 1 3.02276260632 1.32
Mo 1 3.02242062359 -0.12
Yb 2 3.0222633272 1.32
Si 1 3.02184102871 1.5
Mn 1 3.02144896325 0.77
Fe 1 3.02134941662 1.63
Fe 1 3.02096366176 -0.31
Fe 2 3.0207284291 -0.37
Mn 1 3.02005362658 1.33
Fe 1 3.01939581705 1.21
S 1 3.01927052447 0.75
Cr 2 3.01889360653 1.17
Fe 1 3.01849194368 1.54
Fe 1 3.01802037434 1.71
Ni 2 3.01772904194 1.26
Ti 1 3.01744701877 1.99
Fe 1 3.01734009877 1.66
Cr 1 3.01704706225 0.78
Fe 1 3.0167928399 1.13
Ni 3 3.01661910067 0.97
Co 1 3.01625678629 0.87
Cr 2 3.01592082243 1.09
Mn 2 3.01564801234 0.98
V 1 3.01534210416 1.53
Fe 1 3.01511493177 1.26
Fe 2 3.0149504768 1.57
Ce 2 3.01477533696 1.13
Mn 2 3.0146557785 0.17
Gd 1 3.01449445192 2.24
Mn 1 3.01429056452 0.84
Fe 2 3.01397877714 1.0
Fe 1 3.01338842638 1.36
Fe 1 3.01302740013 1.36
V 1 3.012852264 1.58
Ni 1 3.01226594046 0.84
Ce 2 3.01189223257 1.34
Th 2 3.01172725106 1.59
Fe 1 3.01155255864 1.53
Fe 1 3.010894864 2.32
Ni 3 3.01067099306 0.89
Cr 3 3.01038824089 2.19
Fe 1 3.01021238823 1.71
Ti 1 3.00977270033 1.26
Fe 1 3.00947309634 1.42
Fe 1 3.00939194103 1.66
Fe 1 3.00917457447 0.96
Cr 1 3.0088774992 1.54
Co 1 3.00836279526 1.09
Ti 1 3.00813207524 0.49
Fe 1 3.0080093942 0.82
Ce 2 3.0078827097 1.46
Cr 1 3.00774976083 0.61
C 2 3.00748856733 1.73
Fe 2 3.00738432147 1.33
V 1 3.00696522247 0.59
Fe 2 3.00676060223 0.95
Cu 1 3.00659195367 1.14
Fe 1 3.0060512101 1.53
Fe 2 3.00583600193 1.38
Cr 1 3.00574586123 1.11
V 1 3.00521773229 2.34
Fe 1 3.00503643795 1.45
Ca 1 3.00481380143 1.23
Cr 1 3.00457619864 1.34
Ca 1 3.00432567509 1.25
Cr 2 3.00396390573 0.5
Ni 1 3.00378261709 1.17
Ti 1 3.00364108015 2.5
Cr 1 3.00342068748 0.72
Ni 3 3.00326194331 1.27
Ni 3 3.00295439695 1.4
Cr 1 3.00263193372 1.3
Fe 1 3.00243124734 1.27
Eu 2 3.00224221948 1.93
Fe 1 3.00201912453 1.2
Fe 1 3.0017578352 2.98
Fe 3 3.00156162556 -0.29
Co 2 3.0014309787 1.05
Mn 1 3.0012316152 1.23
Cr 1 3.0010533439 0.64
Ce 2 3.00074283626 1.11
Fe 1 3.00054363679 1.5
Fe 1 3.00019874945 1.08
Fe 1 3.00006960047 1.22
Fe 1 2.99993298617 1.08
Fe 1 2.9994219906 1.34
Fe 2 2.9992437891 0.42
Fe 1 2.99913750227 1.16
Cr 2 2.9990005376 1.16
Mn 1 2.99884342086 1.09
Fe 1 2.99864273289 1.19
Co 2 2.99848268046 1.05
Mn 1 2.9983847864 1.13
V 1 2.9981963402 1.37
Tm 2 2.99808527028 1.14
Ti 1 2.99786859161 1.08
Fe 1 2.99730656196 1.35
Fe 1 2.99696089703 1.13
Ti 1 2.99675350737 1.32
Fe 1 2.99665485704 1.52
Ce 2 2.99649190267 1.23
Fe 1 2.9956278165 1.79
Fe 1 2.99484040107 0.84
Tm 2 2.99461883875 1.06
Ti 1 2.99448836163 1.19
Mn 1 2.99402144215 0.97
Fe 1 2.99344054515 0.67
Fe 1 2.99313023788 -0.19
Cr 2 2.99299793964 1.5
Ti 1 2.99292771289 1.15
Co 2 2.99274067438 0.53
Sc 4 2.99261967892 1.27
Fe 2 2.99230737525 1.29
Ca 1 2.99198553379 0.99
Cr 1 2.99184857179 1.29
Ce 2 2.99117780517 1.02
S 1 2.99102843401 0.9
Mn 3 2.99062787542 1.5
Dy 1 2.99041010951 0.95
Ti 1 2.98974416913 0.53
Fe 1 2.98948551669 1.72
Mn 2 2.98937401006 1.06
Fe 1 2.98925033177 1.95
Cr 2 2.98883821674 0.37
Pr 2 2.98869930936 0.93
Cr 3 2.98845005774 2.01
Zr 2 2.98814849005 1.14
Fe 1 2.98802851372 1.46
Cu 2 2.98773977466 0.9
Mn 1 2.98738695513 1.48
Cr 1 2.98725883481 1.29
Cr 2 2.98687993651 1.02
Fe 1 2.98630187904 1.4
Fe 1 2.98616507727 1.9
Ni 2 2.98602418887 1.23
Cr 1 2.98558039462 0.88
Fe 3 2.98513493545 1.66
Cu 1 2.98476972506 1.08
Fe 1 2.98462357971 1.25
Fe 1 2.9843361448 1.45
Fe 2 2.98411239913 1.29
Fe 2 2.98332298509 0.44
Nd 2 2.98320045298 1.04
Fe 1 2.98304520268 0.63
Fe 1 2.98268473691 1.38
Ni 1 2.98239853618 1.05
Fe 1 2.98198106432 1.56
Fe 2 2.98154535412 0.21
Ni 1 2.98146835077 0.31
Fe 1 2.98125507085 1.46
Ca 1 2.98097502152 1.5
Ti 1 2.98064966554 1.01
Cr 1 2.98033247601 2.06
Fe 1 2.98012995999 1.21
Nd 2 2.97998820799 1.26
Fe 1 2.97983350669 1.51
Ce 2 2.97960914673 1.57
Co 2 2.97930527986 1.59
Ce 2 2.97910999005 1.26
Fe 2 2.97906002632 1.69
Th 2 2.97777879312 1.35
Ni 1 2.977071214 1.25
Fe 1 2.97696920906 0.77
C 1 2.97672591225 0.94
Fe 1 2.97652795918 1.19
Cu 1 2.97639390916 0.9
Co 2 2.97609262652 1.28
Ca 1 2.97588082925 1.23
Co 2 2.97540434206 1.65
Co 1 2.9751812197 1.41
Fe 1 2.97470024602 0.82
Fe 1 2.97423070081 1.14
Fe 1 2.9739969825 0.94
Fe 1 2.97373912168 0.53
Ce 2 2.97340921065 1.43
Ce 2 2.97311958258 1.14
Cr 2 2.97280442127 2.26
Fe 2 2.97258603608 1.12
Ce 2 2.97250536141 1.1
Fe 3 2.97203330286 1.1
Ti 2 2.9718854814 0.88
Fe 3 2.97175177797 0.61
Fe 1 2.97145848463 2.21
Cr 1 2.9712919927 0.3
Fe 1 2.97113093059 1.54
Fe 2 2.97087442076 1.0
O 4 2.97075461744 2.19
Fe 1 2.97044956479 1.24
S 1 2.97013938068 1.5
Cr 1 2.96974461052 0.91
Fe 1 2.96922926936 1.15
Fe 1 2.96904560763 1.47
Ce 2 2.9685649097 2.32
Fe 1 2.96835411142 2.34
Fe 1 2.96820558981 1.05
Mn 3 2.96802617564 2.1
Sc 1 2.96785005109 1.18
Ca 1 2.96751469786 0.95
C 2 2.96725724972 2.0
Fe 2 2.96694283299 0.92
Fe 2 2.96657545883 1.16
Zr 2 2.96626537358 1.11
Cr 1 2.96584353746 0.86
Fe 2 2.96528742227 1.19
Cr 1 2.96502085886 0.53
Fe 2 2.96488273844 0.95
Fe 2 2.96473187006 0.97
Fe 1 2.96443960626 1.38
Fe 1 2.96417354957 1.48
Fe 1 2.96399908655 1.3
Ni 3 2.96385780213 1.08
V 2 2.96369825339 1.04
Fe 2 2.96340548503 0.61
Fe 2 2.96327374752 0.98
Ti 2 2.9630725517 1.0
Mn 1 2.9629701584 1.86
Ce 3 2.96266096794 1.18
Ni 3 2.96233605827 1.07
Fe 2 2.9621231006 0.9
Cr 2 2.96178790825 0.19
Cr 1 2.96162985567 1.15
Ce 2 2.96143121728 1.09
Fe 1 2.9611430692 1.48
Sc 1 2.96074241449 1.07
V 2 2.96060101619 1.27
Fe 1 2.95994665941 1.15
Fe 2 2.95977551983 1.17
Th 1 2.95935941242 1.0
Mn 1 2.95905937905 1.06
Si 1 2.95888763591 1.5
Ti 2 2.95876745582 0.52
Co 1 2.95855013965 1.41
V 2 2.95842066884 0.89
Mn 1 2.95812555446 0.88
Mo 1 2.95803980517 1.07
Fe 1 2.95786655736 1.6
Ti 1 2.95648137561 1.14
Mn 1 2.95635349566 1.86
Fe 1 2.95588359311 1.1
Cr 3 2.95552853412 1.21
Fe 1 2.95529161723 1.38
Cr 1 2.95509354638 -0.25
Fe 1 2.95467213547 1.27
S 1 2.95443739749 0.72
Fe 1 2.95434644128 1.34
Cr 2 2.95405016841 1.86
Fe 3 2.95386415716 1.69
Fe 3 2.9536496012 2.11
Ca 1 2.95335564893 1.24
Co 2 2.95321326704 1.27
Co 1 2.95296743736 1.23
Nd 2 2.95263740769 0.85
Fe 1 2.95201622659 1.92
Fe 1 2.95167973379 1.39
Ti 1 2.9514815847 1.47
Fe 1 2.95135540148 2.17
Cu 2 2.9507891853 0.57
Mn 1 2.95056924773 2.42
Fe 2 2.95035931238 1.01
Fe 1 2.95007120895 0.97
Fe 2 2.94994311086 2.3
V 3 2.94980737411 0.3
Ca 1 2.9494951007 1.5
Fe 2 2.94921544406 0.47
Cr 1 2.94905283821 1.51
Ce 2 2.94866091819 1.66
Ti 1 2.94844270009 1.86
Ca 1 2.94822142962 1.38
Fe 2 2.94811921893 1.53
Y 2 2.94731124686 1.05
Ti 1 2.94718296799 1.78
Fe 1 2.9470039147 1.3
Co 1 2.94680646291 3.27
Ni 2 2.94651212046 1.34
Ni 2 2.94597016037 1.55
Zr 2 2.94570649863 0.86
V 2 2.94543315778 0.44
Ce 3 2.94473617932 0.88
Mn 1 2.94455805257 2.02
Ce 2 2.94406504692 0.73
Cr 1 2.9436632691 0.3
Fe 2 2.94299046003 1.52
Fe 2 2.94278418609 1.24
Yb 3 2.94244392871 1.58
Fe 2 2.94185264637 1.07
Ni 3 2.94161826581 0.5
Ti 3 2.94113336042 1.01
Fe 1 2.94082452506 1.48
Fe 2 2.94066786493 0.97
Fe 2 2.94056596807 0.7
Ti 1 2.93993765557 1.03
Fe 1 2.93972407235 1.44
Tm 2 2.93925191545 1.76
Cr 1 2.93856858458 0.88
W 1 2.93844935295 1.76
Fe 1 2.93798059904 1.02
Fe 1 2.93777669739 1.47
Fe 1 2.93695059022 0.51
Fe 1 2.93647445535 1.75
Ce 2 2.93620748395 0.94
Cr 1 2.93611611703 1.21
Fe 1 2.93576669449 0.97
Fe 1 2.93542069102 1.55
V 2 2.93510464665 2.23
Cr 1 2.93487759258 1.07
Cr 2 2.93463459749 1.02
Fe 2 2.93437803057 1.19
Fe 1 2.93422184816 1.58
V 1 2.93403929762 1.38
Fe 1 2.93387370942 1.81
Cr 3 2.93353203888 1.35
Ru 1 2.93333611057 2.1
Fe 1 2.93285552729 0.26
Ce 2 2.93263048584 1.5
Cu 2 2.93249758609 0.68
Ce 2 2.93225068533 1.15
Fe 1 2.93195785668 1.46
Fe 1 2.93140855338 1.06
Ni 3 2.93122032364 2.33
P 2 2.93091647649 1.02
Fe 1 2.9306732363 1.81
Ti 1 2.93036271515 0.56
V 1 2.92994659672 1.8
Fe 1 2.92971840155 0.99
Fe 2 2.92939285571 1.27
Fe 1 2.92918073263 2.75
Ni 1 2.92887170387 0.84
Fe 1 2.92857463828 1.51
V 1 2.92830080189 1.03
Cr 1 2.92814768612 2.06
Ce 2 2.92792253681 1.12
Cu 1 2.92750635069 1.63
Mn 1 2.92741172289 1.22
V 1 2.92708399439 0.47
Ta 2 2.92695415348 1.7
Ce 2 2.92667226077 1.18
V 2 2.92635740661 1.0
Ca 1 2.92609116663 1.07
Fe 1 2.92576331948 2.02
Fe 1 2.92551962226 1.99
V 1 2.92526478463 1.25
Fe 3 2.92510853562 1.92
Fe 1 2.92497679976 1.22
C 2 2.92489889556 2.67
Mn 3 2.92459504673 2.21
V 1 2.92433836988 0.01
Ce 2 2.92421835908 1.42
Ni 3 2.92387948521 1.31
Cr 1 2.92366809087 1.32
Fe 1 2.92338731324 1.03
Ti 2 2.92250031936 0.8
Cr 2 2.92228085907 0.99
Cr 2 2.92181945248 1.05
Fe 2 2.92172388378 1.42
Fe 1 2.92152677586 1.18
Co 1 2.92138242135 0.89
Cr 1 2.92085372515 1.1
C 2 2.92051349798 1.2
Fe 1 2.91996572339 1.16
Cr 2 2.91904637259 1.39
Cr 2 2.91848822499 1.2
Si 2 2.91835928292 0.5
Ti 1 2.91788503626 1.18
Fe 2 2.9171873738 1.57
Fe 2 2.91672331994 1.02
Gd 2 2.91608752732 1.64
Cr 1 2.91585901704 -0.13
Fe 2 2.91570185129 1.62
Fe 2 2.91545729065 3.05
Fe 1 2.91486535911 1.45
Mn 3 2.91459647843 1.55
Ca 1 2.91430463048 1.43
Ni 3 2.91385977759 1.32
V 3 2.91349639352 1.42
Fe 1 2.91328013161 1.04
Ti 1 2.91314528368 1.43
Mn 1 2.91304275285 0.69
Ca 1 2.91289622432 1.52
Co 2 2.9127543637 1.4
Fe 1 2.91261210637 1.33
Mn 1 2.9120305628 1.33
Co 1 2.91168890055 2.28
Fe 1 2.91157840406 2.32
Fe 1 2.9113763047 1.66
Fe 1 2.91114381576 1.51
Fe 3 2.91090186435 1.24
Gd 1 2.91034791978 1.22
Fe 1 2.91010364168 1.59
Ca 1 2.90989491749 0.11
Ni 3 2.90952521587 1.33
Cr 2 2.90909608651 0.85
Fe 1 2.90882983873 0.93
Cr 1 2.90828486871 1.06
Cr 2 2.90754583172 1.63
Fe 1 2.90719185997 0.76
Fe 1 2.90683231782 0.97
Mn 1 2.90638960679 1.47
Ti 1 2.90619142879 1.41
Mn 1 2.90568183557 2.07
Fe 1 2.90538611917 1.26
Ca 1 2.90509890361 1.06
V 3 2.9044626569 1.1
Cu 1 2.9040941982 0.87
V 1 2.90377881033 1.42
Fe 2 2.90349211643 0.49
Fe 2 2.90344384101 -0.98
Sc 1 2.90281565895 1.05
Fe 1 2.90240827791 0.28
Pr 2 2.90206635639 1.74
Ca 1 2.90188255507 1.54
Th 1 2.90165816699 1.56
Fe 2 2.90135532528 2.16
Mn 3 2.90125049974 1.12
Cr 2 2.90105953848 1.11
Fe 3 2.90096152192 -0.5
Co 1 2.90048083437 2.66
Fe 2 2.90034601529 1.18
Cr 2 2.89983053443 0.92
Ti 1 2.89974887748 0.37
Fe 2 2.89954014416 1.27
Fe 2 2.89924669341 1.11
Fe 1 2.8990797893 1.2
Fe 2 2.89886512001 1.03
Cr 2 2.89858034422 1.44
Ho 3 2.89842036029 0.79
Ca 3 2.89803588834 1.01
Ru 1 2.8977146361 1.38
Ta 1 2.89746881754 1.55
Fe 1 2.89717382261 0.87
Fe 1 2.89691611514 2.44
Ti 1 2.89648142653 2.88
Mn 1 2.89608935094 1.48
Ti 1 2.89590184169 2.25
Fe 2 2.89519977711 1.52
Co 2 2.89498385692 0.88
Ca 1 2.894790881 1.5
Mn 2 2.89397296232 1.31
Ca 1 2.89384806856 1.22
Cr 2 2.89365794541 1.24
Mn 2 2.89343962166 3.19
Fe 1 2.89314882211 1.17
Gd 1 2.89289662261 1.74
Mn 1 2.89275420602 1.07
Tm 2 2.89245490692 1.08
Fe 3 2.89209029786 1.01
Ti 1 2.89182533253 1.42
Fe 2 2.89144638429 0.47
Ti 1 2.89132143879 1.69
V 2 2.89070253459 1.34
Ca 1 2.89050123381 1.5
Cr 1 2.8902564354 1.67
Ni 3 2.89014068775 0.76
Si 2 2.88992363537 1.04
Fe 1 2.88981936481 1.82
Ce 2 2.88947124458 0.46
V 1 2.88908281475 1.27
Ce 2 2.88881261161 1.06
Ni 1 2.88865679994 2.07
Fe 1 2.88853640235 1.41
Cr 1 2.88768966297 1.69
Yb 2 2.88751763092 1.53
V 1 2.88730184643 1.08
Hf 1 2.8868565945 0.74
Ti 1 2.88619653253 0.69
Ni 1 2.88611732119 1.13
Si 1 2.88597940038 1.35
Cr 2 2.88564368916 1.12
Ni 5 2.88537829213 0.96
Fe 2 2.8850136523 1.75
Cr 1 2.88487503144 0.93
Cr 3 2.88467876977 0.96
Ca 1 2.88456930709 1.39
Fe 2 2.88423976117 1.67
Ca 1 2.88403197995 1.5
S 1 2.88386521306 0.91
Fe 1 2.88371114189 1.17
C 1 2.88358947956 0.5
Th 1 2.88346138975 0.92
Ti 2 2.88332499666 1.21
S 1 2.88296483075 1.5
V 3 2.88281226339 1.16
Cu 1 2.88262747473 1.06
V 1 2.8825183017 1.21
Ti 2 2.88206487649 0.84
Cr 2 2.88186718836 1.5
Ca 1 2.88165927999 1.5
Fe 2 2.8812293585 1.44
Ni 3 2.88093083275 1.41
Mo 1 2.8803036549 0.78
Fe 2 2.88010895136 0.69
Cr 1 2.87971159697 2.16
Sc 2 2.87952700496 0.91
Ni 3 2.87939546415 1.5
Tm 2 2.87893533308 1.56
Cr 3 2.87886835155 -0.74
Cr 2 2.87845910993 1.35
Co 2 2.87805826889 1.51
Fe 2 2.87729184355 -0.59
Ti 3 2.87706636849 1.47
Cr 1 2.87689159454 0.96
Ni 2 2.87658268781 0.76
Fe 2 2.87638848699 1.6
Co 3 2.8763246934 1.41
V 3 2.87525937186 1.02
Cu 1 2.8751254204 1.5
Fe 1 2.87495081552 2.31
V 2 2.87474343728 2.2
Sc 2 2.87394093684 1.14
Ni 3 2.87381077184 1.34
Nd 2 2.87365917178 2.19
Ti 1 2.87346350081 1.37
Mn 3 2.87332711966 1.59
Ti 2 2.87213593333 0.67
Yb 2 2.87202362833 0.78
Ce 2 2.8717802866 1.26
Y 1 2.87109990703 1.49
Cr 2 2.87089381519 0.32
Fe 1 2.87037678789 1.1
Cr 1 2.87025106522 2.01
Fe 1 2.86976469134 1.43
Sc 2 2.86951834518 1.0
Ti 2 2.86937357262 2.18
Ni 2 2.86881022765 1.22
Cr 2 2.86834391751 1.32
Cr 1 2.86778077773 1.36
Cr 1 2.8669378747 1.25
Sc 2 2.86668929604 0.74
Ni 1 2.86645109871 1.22
Cr 2 2.86626164278 2.08
Ni 3 2.86617729358 1.68
Ce 2 2.86608115613 0.68
Fe 1 2.86552532851 0.91
Fe 1 2.86542075819 0.37
Gd 1 2.86529407872 2.2
Cr 2 2.86484651907 2.32
V 3 2.86474729365 1.44
Mn 3 2.86402426106 1.0
Co 2 2.86336917503 1.32
Ti 2 2.86321913744 1.35
Pr 2 2.86309999141 0.58
W 1 2.86273904346 1.03
Ni 1 2.86229089394 1.08
Cu 2 2.86167008748 0.97
Cr 2 2.86115320754 0.0
Cr 2 2.86089394639 1.52
Fe 2 2.85947429029 1.43
Fe 3 2.85899024303 1.1
Co 2 2.85883908191 1.35
Fe 1 2.85872498003 0.99
Cr 1 2.8583877373 0.75
Fe 1 2.8581481502 1.21
Sc 1 2.8579224374 1.39
Ti 3 2.85764459476 1.67
Si 2 2.85735936494 0.9
Cr 2 2.85713739794 1.23
Ni 2 2.85696747263 1.65
Ni 3 2.85667974516 2.05
Ti 1 2.85646775521 1.56
Cr 2 2.8561228863 0.13
Fe 1 2.85596610739 1.91
Ni 3 2.85587979752 0.99
Ti 3 2.85464827946 0.5
Fe 1 2.85434728496 1.07
Fe 2 2.85416455049 1.25
Ce 2 2.85395759796 1.36
Cr 1 2.85381905508 1.11
Fe 1 2.8535661784 1.21
Fe 1 2.85247229715 0.86
Ti 1 2.85229150873 0.88
Sm 2 2.85202099231 1.8
Fe 2 2.85162918553 1.31
Cr 2 2.85154648234 1.04
Ce 2 2.85130810626 1.85
Tm 3 2.85090036899 1.0
Co 1 2.85035133072 1.18
Cu 1 2.85008550625 0.65
Sm 1 2.84967490917 1.23
Cr 1 2.84952427302 0.75
Fe 1 2.84920039377 0.88
Ti 1 2.84904712357 0.77
Fe 3 2.84841745502 1.19
Mn 2 2.84794741418 0.99
Ni 2 2.84768072976 1.45
Cr 1 2.84763285352 1.31
Cr 2 2.84742527763 0.93
Sc 2 2.84720190902 1.46
Mn 4 2.846882022 1.01
Ce 2 2.84633583712 1.11
Ni 2 2.84589235092 0.86
Ca 1 2.84580939227 1.17
Fe 2 2.84487288305 1.43
Cu 2 2.84464560711 1.17
Y 2 2.84450666162 0.99
Ti 3 2.84439663739 0.29
V 1 2.84392785729 1.23
Ce 2 2.8436857963 0.5
Sc 1 2.8433648078 1.52
Ta 1 2.84315778845 1.07
Mn 2 2.84284017832 0.0
Ce 2 2.84230903097 1.05
Ca 1 2.84164664585 0.84
V 2 2.8415367125 0.18
Fe 2 2.84007686471 -0.41
Ni 2 2.83982895423 1.15
Tm 2 2.83933410838 1.09
Fe 2 2.83872854878 1.22
V 3 2.83852551825 1.16
Ce 2 2.8383854805 1.04
Cu 1 2.83827001661 1.37
Nd 2 2.83805672227 0.74
V 2 2.83755320716 0.74
Gd 2 2.83731502207 1.26
Ca 1 2.83712680102 1.71
Fe 3 2.83650518031 0.93
Fe 2 2.83633283379 1.22
Fe 1 2.83565079107 0.58
Fe 2 2.83533232709 1.12
Fe 1 2.83523247733 1.11
Cr 2 2.83505289514 1.22
Cu 2 2.83484851031 0.02
Fe 2 2.83445486248 2.07
Sc 2 2.83427628586 1.24
Y 2 2.83396797666 0.96
V 1 2.83371718074 2.27
Ni 3 2.83331413487 1.21
Ce 2 2.83277391985 0.35
Cr 1 2.83227758273 1.29
Fe 1 2.83211804115 1.07
Mn 2 2.8311859298 1.97
Cr 1 2.8308342113 0.41
Fe 2 2.83064620283 0.94
V 3 2.83043683125 1.03
Cr 1 2.82997225329 1.54
Er 1 2.82928835894 1.22
Fe 1 2.82890800104 1.76
Ce 2 2.82838914402 1.11
Fe 2 2.82790479115 0.67
Ni 1 2.82776147826 0.84
Mn 1 2.82764636118 1.47
Cr 1 2.82747786216 1.42
Fe 2 2.82721873657 1.33
Ru 1 2.82704590513 0.5
Ti 2 2.82627161416 0.93
Ce 2 2.82585490354 1.44
Fe 1 2.82559903751 1.68
Mn 3 2.82526641012 1.31
V 1 2.82505680367 3.2
Fe 1 2.82472777912 1.5
V 1 2.82425471542 1.01
Cr 1 2.82404377958 2.5
Ce 2 2.82392870772 1.2
Ce 2 2.82361319262 1.24
Ni 2 2.82311459618 1.0
Fe 1 2.82275967454 1.16
Fe 1 2.82258295402 1.17
Fe 1 2.82229433667 0.83
Ni 2 2.82212493319 0.29
Ti 2 2.8216327699 1.34
Ti 2 2.82100835567 1.07
Fe 2 2.82087106783 0.98
Cr 2 2.82070985673 0.35
Ca 3 2.82048911982 1.42
Os 1 2.81957529024 1.87
Fe 2 2.81908952826 0.81
Fe 2 2.81900145896 1.38
Ti 3 2.81891525379 1.08
Ni 1 2.81870690904 1.01
Co 1 2.81832119046 1.09
Ni 1 2.81807962549 1.0
Ce 3 2.81797022704 1.07
Cu 2 2.81756665352 1.08
Mn 3 2.81745057229 0.97
Ni 1 2.81727259539 1.22
V 1 2.81715788263 0.81
Fe 1 2.81699703165 1.57
Ni 2 2.81684163875 0.95
Mn 1 2.81578928403 1.48
Ti 2 2.81566292642 1.61
Cr 2 2.81528392161 2.38
Ti 1 2.81507866993 1.34
Fe 1 2.81478212742 1.08
V 1 2.81461669152 1.62
Fe 1 2.81436777557 0.52
V 1 2.81413800186 1.1
Cu 1 2.81390034659 1.14
Cu 2 2.81357129769 1.11
Fe 1 2.81335340023 2.32
S 1 2.81290034798 0.83
Mn 1 2.81257867884 1.64
Ni 2 2.81242645245 1.17
S 1 2.81231238916 0.12
Ti 1 2.81199028048 2.16
Ti 2 2.8119205744 1.48
Cu 1 2.81173940576 1.3
Cr 1 2.81124308122 1.68
Ni 1 2.81110266306 0.82
Cr 1 2.81073960407 1.26
Ti 2 2.81020337623 1.3
Cr 1 2.80999873729 1.89
Fe 2 2.80927449252 2.22
Cu 2 2.80913796248 1.33
Ca 1 2.8089897358 0.75
Fe 2 2.80874442288 1.2
Th 1 2.80857543325 0.79
Ti 1 2.80830016877 1.5
Fe 1 2.80817142942 1.1
Mn 1 2.80789535384 -0.55
Fe 1 2.80775673236 2.6
V 1 2.80731558745 1.37
Ce 2 2.80709109482 1.19
V 1 2.80679470767 1.84
Ti 2 2.80652411207 0.79
Fe 2 2.80612184132 1.24
Ce 2 2.80584680356 1.19
Fe 1 2.80564870309 1.78
Mn 1 2.80489046539 0.46
Sc 2 2.80464783467 1.5
Ce 2 2.80423639745 1.44
V 1 2.80407796987 2.14
Ti 1 2.8039610316 1.02
Cu 2 2.80382787084 1.28
Fe 1 2.80344374121 1.02
Fe 1 2.80319559326 1.0
Fe 1 2.80308062977 1.19
Fe 1 2.80263696167 1.82
Cr 1 2.80248859674 1.11
Cr 1 2.80236000962 1.26
Er 1 2.80217506755 1.2
Ca 1 2.80162608543 0.5
Ni 2 2.8012497106 1.8
Cr 2 2.8005725413 1.21
Fe 1 2.80044122026 1.48
Fe 2 2.80006838878 2.13
C 2 2.79966347789 0.8
Ce 2 2.79920382723 1.3
Cr 1 2.79878836265 1.03
Ni 2 2.79869978828 1.24
Fe 1 2.7986212006 1.43
Fe 1 2.7983528102 2.5
Fe 2 2.79810215264 0.02
Sc 2 2.79788645511 1.5
Ca 1 2.79758525405 1.57
Cr 2 2.79738023958 1.3
Fe 1 2.79711928094 1.07
Ce 2 2.79670260541 0.78
Fe 1 2.79659763587 0.26
Fe 1 2.79635322114 1.47
Ce 2 2.79620785406 1.47
Cr 1 2.79594705105 0.75
Ca 1 2.79576995219 1.07
Fe 4 2.79560920191 1.77
Fe 1 2.79549151921 1.48
Tm 2 2.79538222878 1.22
Ca 1 2.79515711994 1.0
Y 1 2.79487030366 1.86
Mn 1 2.79473598903 1.49
Mn 3 2.79458108964 0.67
Fe 1 2.79436391926 1.85
Ni 1 2.79396852658 1.27
V 1 2.79380206567 1.63
Fe 1 2.79347977718 2.49
Cu 2 2.79266419087 0.51
Fe 1 2.79251184821 1.75
Fe 1 2.79213578018 1.79
Fe 1 2.79191880106 0.99
Fe 1 2.79180645799 1.24
Fe 2 2.79163994031 2.15
Fe 1 2.79146464363 1.22
Cu 2 2.79135730177 0.99
Fe 1 2.79096684314 1.66
Fe 1 2.79065751964 0.99
Cu 2 2.79055061669 1.86
Fe 1 2.79042871211 1.12
V 1 2.79004315928 1.95
Cr 1 2.78979078664 0.98
Cu 2 2.78957059428 0.65
Fe 1 2.78900050281 1.5
Nd 2 2.78843007989 1.62
Fe 2 2.78814062966 1.1
Yb 2 2.78795837457 1.62
Fe 1 2.78759199296 2.0
Ti 1 2.78669872647 1.21
V 2 2.78649117115 0.94
Si 1 2.78620800885 1.17
Ni 1 2.78610495256 0.88
Ni 4 2.78596284005 0.36
V 3 2.78585867515 1.32
Ti 1 2.78560217727 1.06
Mn 1 2.78517247079 1.43
V 1 2.78490690377 1.05
Fe 1 2.78452887877 1.41
Mn 1 2.78428519336 1.5
Fe 1 2.78408531188 0.63
Ti 1 2.78384789223 0.75
Ni 3 2.78341547744 0.95
Ca 1 2.78317279906 1.16
Cr 1 2.78302555065 1.12
Tm 2 2.78284002859 1.53
Ti 1 2.78248466989 0.02
Fe 1 2.78220700369 1.18
Co 1 2.78202483682 2.07
Mn 1 2.78176436342 1.96
Cu 1 2.78145383151 1.28
Ce 2 2.78130664014 1.18
Fe 1 2.78111198961 1.29
Mn 1 2.78100743858 1.21
Co 1 2.78084102153 1.71
Fe 2 2.78047307854 1.2
Fe 1 2.78031863387 1.4
V 1 2.78006832903 1.25
V 1 2.77973312206 1.36
Cr 1 2.77943301276 1.51
Cr 1 2.77924080486 2.41
Cr 1 2.77905155123 0.31
Co 2 2.77887876612 1.5
Fe 1 2.778672374 1.44
Fe 1 2.77854565173 1.45
Ni 1 2.77838550625 0.68
Cr 2 2.77822519247 0.67
Nd 2 2.77805854802 1.19
Fe 1 2.77796511883 1.47
Fe 1 2.77779483371 1.27
Ni 2 2.7777179135 0.56
Ti 2 2.77714475564 0.49
Fe 1 2.77699080489 0.76
Cr 1 2.77686268111 0.8
Fe 3 2.77671833834 1.51
Cr 1 2.77658470561 0.99
Ti 1 2.77630094196 1.5
Fe 2 2.77593451009 1.44
Ce 2 2.77583488471 1.04
S 1 2.77560123125 1.25
Ti 2 2.77463130657 0.34
Ti 2 2.77422248292 1.28
Fe 1 2.77408337998 1.49
Co 1 2.7739763156 1.46
V 1 2.77387980957 1.0
Mn 1 2.77361384764 1.2
Mn 3 2.77339576714 1.06
Ti 2 2.77316636982 1.33
Fe 2 2.77292324264 0.5
Fe 1 2.77213610084 1.27
Fe 2 2.77188323899 1.45
Ti 1 2.77133887495 1.43
V 1 2.77073800563 1.13
Fe 2 2.76994975221 1.24
Fe 1 2.76872975426 2.08
Fe 2 2.76788974809 1.31
Fe 1 2.76774256772 1.11
Fe 1 2.76752788051 0.29
Fe 2 2.76741749174 0.4
Ti 1 2.76714097162 1.82
Fe 1 2.76699955205 1.19
Sc 1 2.76680529353 0.9
Fe 2 2.76671292842 1.16
Fe 1 2.76651087038 1.64
Cr 2 2.76614800551 1.32
Fe 1 2.76581349376 1.15
Cr 1 2.76573199153 1.71
Ni 2 2.76516574233 1.88
Fe 1 2.76509383664 1.19
Fe 1 2.76490009223 1.23
Fe 1 2.76400282156 2.46
Fe 1 2.76382173686 2.74
Tm 2 2.76322479985 1.03
Fe 2 2.76288563822 1.84
Ce 2 2.76249657927 0.98
Ti 2 2.76237188199 1.07
Fe 1 2.76201385532 1.48
Ce 3 2.76185437933 1.36
Cr 2 2.76165469117 1.41
Fe 4 2.76149845501 0.95
Fe 1 2.76128910166 1.28
Mn 2 2.76120577507 2.13
V 1 2.76100857859 2.04
Fe 2 2.76086692442 2.55
Fe 2 2.76048175269 0.42
Cr 1 2.76032048703 1.98
Cr 1 2.76020342145 1.43
Cr 1 2.75992324179 1.24
Fe 1 2.75969459344 0.64
V 1 2.75926356966 0.35
Ti 2 2.75917637404 1.2
Ni 3 2.75885680623 2.61
Fe 1 2.75853743519 1.19
Cr 2 2.75810149617 1.31
Cr 2 2.75801222667 1.11
Ce 2 2.75791756437 2.09
Fe 1 2.75768483194 1.4
Cu 1 2.75755572349 0.68
Y 2 2.75713106955 0.97
Cr 2 2.75663311868 0.43
Fe 2 2.75652635514 1.33
Ni 2 2.75608118766 1.01
Cr 1 2.75598586146 1.2
Cr 2 2.75588031194 2.28
Fe 1 2.75573397719 1.2
Pr 3 2.75501324966 1.01
Cr 1 2.75453105655 1.5
Ti 2 2.75442720942 0.91
Mn 2 2.75411424674 0.37
Mn 1 2.75385022641 1.5
Fe 1 2.75361915841 1.56
Yb 2 2.75225146518 1.46
K 2 2.75199348268 0.87
Ba 1 2.75158452405 1.49
Co 5 2.75106330247 2.27
Tm 2 2.7501418641 0.84
V 1 2.74953338211 0.79
Fe 2 2.74858822909 1.52
Co 1 2.74843633136 0.07
Cr 1 2.74794309938 1.09
Ca 1 2.74771350873 1.16
Ti 1 2.74742983153 1.5
Ni 1 2.74727398318 0.86
Fe 3 2.74683423309 1.2
Fe 1 2.74654733021 1.17
Cr 1 2.74637150632 1.3
Fe 1 2.74595053306 1.5
Fe 1 2.74583833181 2.29
Co 1 2.74527424138 1.2
Fe 1 2.74516969306 0.73
Fe 1 2.74451675022 1.53
Cr 1 2.74421204861 1.21
Fe 1 2.74402377004 1.13
Fe 2 2.74387182985 0.06
Fe 1 2.74301867827 0.93
Fe 1 2.74287667951 1.53
Ni 1 2.74220596446 0.96
Ti 2 2.74177529283 0.41
Cr 2 2.74157449644 1.75
Fe 2 2.74141955412 0.92
Ti 1 2.74131687507 1.49
Cr 2 2.74094943925 1.12
Cr 2 2.74075470124 1.06
Fe 1 2.74063317063 1.15
Fe 2 2.74017107712 2.23
Fe 2 2.74002343872 0.02
Fe 1 2.73989967211 1.36
Mo 1 2.73945495544 1.05
Cr 1 2.73931695675 1.11
Sc 1 2.73911760951 0.55
Er 2 2.73881652552 1.09
S 1 2.73858059358 1.15
Fe 2 2.73850183766 0.95
Fe 2 2.73829746843 1.74
Fe 1 2.7377958982 1.22
Fe 2 2.7377049157 1.7
Cr 1 2.7372528133 1.35
Cr 1 2.73705165157 1.58
V 2 2.73652927678 0.4
Ce 2 2.73638070189 1.06
Fe 1 2.73626475222 1.3
Fe 1 2.73597630965 1.4
Ti 1 2.73500220143 1.41
Cr 1 2.73456564713 1.43
Fe 2 2.73444683584 1.57
Ti 1 2.73407539098 1.35
Cr 1 2.73385841982 1.36
Mn 2 2.73358754057 -1.02
Fe 1 2.73338239762 -0.24
Fe 1 2.73304455742 0.39
Fe 1 2.73233155318 1.03
Fe 2 2.7316655635 1.39
Fe 2 2.73106444702 1.36
Ti 1 2.73063269702 1.62
Cr 1 2.73050604898 1.22
Tm 2 2.7302885617 0.6
Fe 1 2.73013922085 1.4
Fe 2 2.73001808881 0.77
Fe 1 2.72976203362 1.23
Sc 1 2.72959406107 1.03
Fe 1 2.72947958715 1.03
Cr 3 2.72931747725 1.49
Ti 2 2.7285157431 1.4
Sc 1 2.72812561773 1.04
Fe 2 2.72784296962 1.21
Fe 2 2.72771736037 -0.07
Cr 1 2.72735326094 1.92
Fe 1 2.72691332717 0.62
Fe 1 2.72673137262 1.04
Ni 1 2.72659099514 1.08
Fe 1 2.72621760505 1.01
V 2 2.72566628031 1.12
Fe 2 2.72537707235 1.11
Ti 2 2.72515399217 1.04
Ti 2 2.7250394711 0.58
Ni 1 2.7241945768 1.17
Fe 1 2.72394140816 1.43
Ti 2 2.72355510246 0.71
Ca 1 2.72344633912 1.87
Ni 1 2.72303158663 1.43
Ti 1 2.72251813612 1.24
Cu 1 2.72226067656 1.05
V 1 2.72204240908 1.06
Fe 2 2.72193502142 -0.42
Cr 2 2.72164678392 1.5
Fe 2 2.72140645343 1.25
Nd 2 2.72126118847 0.9
Cr 1 2.72078112404 1.35
Cr 2 2.71975688825 1.16
Ni 1 2.71899474782 1.59
Fe 1 2.71889916746 0.61
Ce 2 2.71878475414 1.1
Mn 1 2.71852704645 1.73
Fe 1 2.71810795106 2.42
Cr 2 2.71754417605 0.14
Ti 1 2.7173858035 1.17
Ti 2 2.71671314926 0.99
V 1 2.71621838319 0.93
Fe 1 2.71576186799 1.29
Fe 2 2.71566574152 0.04
Fe 1 2.71558014947 2.01
Ni 2 2.71506748342 1.17
Fe 1 2.7147911011 0.61
Fe 2 2.71399258982 0.89
Cr 2 2.71382975999 2.51
Fe 2 2.71372616738 1.3
Ni 3 2.71323320109 1.65
Cr 1 2.71235460826 1.44
V 2 2.71214925797 0.98
Cr 3 2.71200913211 0.64
Tm 1 2.71182720367 1.26
Ce 2 2.71165045927 1.07
Fe 1 2.71130569609 1.84
Fe 1 2.71050200427 1.9
Fe 1 2.71020463049 1.5
Fe 1 2.70957543706 1.15
Fe 2 2.70924742234 1.08
Fe 1 2.70913743085 0.98
Cr 2 2.70874986788 1.57
Fe 2 2.70793379145 0.97
Fe 1 2.70718494147 1.68
Cr 2 2.70704455973 1.2
Yb 2 2.70672956655 1.14
Ni 1 2.70624150151 0.56
Fe 2 2.70540710015 1.63
Ti 2 2.70506504397 0.22
Fe 2 2.70481712945 1.14
Er 2 2.70474702999 1.06
Fe 2 2.704287815 0.61
Mn 2 2.70360671312 1.24
Ni 2 2.70332022215 1.26
Ni 2 2.70287127265 1.37
Fe 1 2.70252296514 0.66
Cr 2 2.70224106204 1.06
Cr 2 2.70212339403 -0.37
Ti 2 2.70120548785 1.12
Fe 2 2.70035983802 2.68
Cr 2 2.69997537017 1.45
Cr 2 2.6996293369 0.94
Sm 2 2.69910498867 1.45
Ce 2 2.69887232372 1.16
V 1 2.69876082327 1.03
Fe 2 2.69845638821 1.05
Ce 2 2.69810551847 0.98
Ca 1 2.69802924941 1.5
Fe 1 2.69761932571 1.45
Ni 2 2.69741309016 1.79
Cu 2 2.6971232751 0.64
Er 1 2.69641182297 0.65
Fe 1 2.6960471213 1.51
Cr 1 2.69525250727 1.31
Ni 1 2.69509836257 0.45
Cr 1 2.69486984372 1.59
Co 2 2.69473958013 1.28
Fe 2 2.69450444641 2.63
Fe 1 2.69413698208 1.01
Cr 1 2.69358556386 0.75
Fe 1 2.69335162612 1.32
Fe 1 2.6929972276 1.1
Ni 1 2.69238944484 1.08
Fe 2 2.69216477563 1.51
Ni 1 2.69166844982 0.32
Fe 2 2.69101821978 0.63
Ti 1 2.69083389905 1.0
Zr 1 2.68988968064 0.9
Ni 1 2.689515831 1.16
Fe 1 2.68871625727 1.89
Cr 1 2.68750494241 2.51
Co 2 2.68701493358 1.91
Fe 2 2.685893531 1.05
Cr 2 2.68560380082 2.29
Dy 2 2.68522794289 1.18
Cr 2 2.68487829522 0.72
Ti 1 2.68434239986 2.07
Ni 2 2.68405108673 1.38
Cr 1 2.68391193192 1.4
Fe 2 2.68334279663 1.31
Nd 1 2.68251885545 1.06
Fe 3 2.68221435987 1.2
Ti 1 2.68204505147 0.25
Ti 1 2.68184275654 1.1
Fe 1 2.68071343625 1.37
Cr 2 2.68019774223 1.56
Mn 2 2.68005637971 2.73
Mn 1 2.67984876607 1.01
Si 1 2.67935888139 1.09
Ni 2 2.67927625742 1.02
Ce 2 2.67890853549 0.87
Ti 1 2.67822742829 1.05
Fe 1 2.67777526495 1.5
Fe 1 2.67739511935 1.22
Fe 1 2.67724370413 1.32
Fe 1 2.67698386951 1.31
Cr 1 2.67660787783 1.45
V 1 2.67616833384 0.0
Ni 3 2.67567101674 1.13
V 1 2.67548746444 1.04
Fe 2 2.67477283778 1.04
Ti 1 2.6746064292 0.98
Fe 1 2.67446750198 2.09
Ni 2 2.67419020994 1.26
Nd 1 2.67369875923 1.3
Ti 1 2.67351017363 1.21
Cr 1 2.67336380896 1.04
Fe 2 2.6732183825 1.71
Ni 1 2.67292740418 0.61
Nd 2 2.67243607184 1.51
Fe 1 2.67236038308 0.07
Ti 1 2.67226857158 1.56
Ti 1 2.67210846372 2.01
Fe 1 2.67008026932 1.84
Ti 1 2.66908867219 2.5
Cr 1 2.66852936652 1.25
Fe 2 2.6681750388 1.62
Ca 1 2.66779813052 0.91
Sc 1 2.66740003814 1.3
Fe 2 2.66709930924 0.92
Fe 1 2.66697142964 1.94
Cr 1 2.66665255855 1.16
Fe 1 2.66643331081 0.65
Ni 3 2.66631856852 1.78
Mn 2 2.66558688152 1.48
Fe 1 2.66508569797 1.74
Fe 1 2.66433189984 -0.12
Ni 3 2.66373647068 2.49
Ti 2 2.66301878349 -0.14
Ti 1 2.66262320253 0.83
Fe 2 2.66233269667 1.67
Ti 2 2.66220435912 0.59
Cr 1 2.66210449878 1.3
Ni 3 2.66198281304 1.31
Fe 2 2.66157651244 1.48
Mn 1 2.66126138631 1.94
Y 2 2.65972761232 0.9
Fe 2 2.65947983739 0.98
La 2 2.65917849622 0.81
Cr 2 2.65903238488 1.31
Cr 2 2.65879049814 0.0
Fe 4 2.65868011843 1.28
Fe 3 2.65848669099 1.96
Mn 1 2.65787102319 1.11
Cr 1 2.65743681356 2.12
Cr 2 2.65724026385 0.61
Ni 3 2.65708525443 0.61
Cr 1 2.65691164485 1.57
Y 1 2.65675371343 1.32
Ni 2 2.65662636857 0.93
V 2 2.65635475551 1.03
Ni 1 2.65618249327 1.12
Tm 2 2.6559765136 1.07
Ce 2 2.65573364656 0.99
Co 1 2.65537685085 1.42
Cr 1 2.65529621112 1.56
Fe 2 2.65481133868 1.17
Sc 2 2.65467650648 1.0
Cr 2 2.65395369387 1.69
Fe 1 2.65329679876 0.91
V 3 2.65310540281 2.01
Ni 1 2.65220761291 0.92
Cr 2 2.65200656041 -0.01
Ni 1 2.65173186441 1.28
Ti 4 2.65059896926 1.04
Cr 1 2.64988856944 1.08
Fe 1 2.64967659965 1.73
Yb 2 2.64915907829 1.02
Fe 1 2.64906828804 1.82
Cr 1 2.6489666941 0.75
Cr 1 2.64875215559 1.97
Ce 2 2.6481495285 1.32
Y 2 2.64790560248 1.13
Fe 1 2.64778775588 2.11
Fe 1 2.6472214582 1.52
Cr 1 2.64639288533 1.77
Ca 1 2.64625625228 1.0
Ni 1 2.64572256405 0.66
Cr 2 2.64506144165 1.48
Fe 1 2.64490045846 0.28
Zr 1 2.64482694198 1.2
Cr 1 2.64394934797 0.99
Fe 1 2.64350879662 2.14
Fe 1 2.64337792789 2.76
Fe 2 2.64322357355 0.3
Fe 3 2.64280669841 0.68
Co 1 2.64179061286 1.43
Cr 1 2.64136844982 1.04
S 1 2.64127020273 1.33
Ce 2 2.64069206593 0.99
S 1 2.64052199777 1.92
Fe 2 2.64005183734 1.0
Ti 1 2.63968496765 0.51
Cr 1 2.63961539364 1.68
Fe 1 2.63883583107 1.23
Yb 2 2.63873513277 1.26
V 1 2.63865701685 2.92
Ni 2 2.63856149821 1.09
Cu 1 2.63787442828 1.09
Cr 1 2.6376193172 1.65
Fe 1 2.63737541969 1.52
Ni 2 2.63719848616 1.26
Ni 1 2.63710335354 1.25
Ti 2 2.6362779063 1.23
Ni 1 2.63582673902 1.07
Fe 1 2.63518763495 2.49
Fe 2 2.63489580509 1.01
Ca 1 2.63464580463 1.43
Fe 1 2.63443083657 0.46
Ni 3 2.63428771194 1.58
Fe 1 2.63388540064 1.08
Fe 1 2.63376583339 1.56
Cr 1 2.63347185716 1.27
Ti 2 2.63310849142 0.53
Fe 1 2.63287090659 1.72
Nd 2 2.63251983594 1.0
Fe 1 2.63220255534 0.76
Cr 2 2.63120085988 2.91
Fe 2 2.63058520575 2.33
Fe 1 2.63002043969 1.03
Ni 1 2.62989441741 1.12
Ni 1 2.62914467002 1.09
Ni 3 2.62766377627 1.79
Ti 2 2.62705606605 1.23
Rh 1 2.62623022024 1.71
Zn 1 2.62558619736 1.75
Ti 1 2.62533440248 1.01
Fe 2 2.62503952641 0.98
Ni 2 2.6243313719 0.67
Mn 1 2.6233688503 1.62
Fe 2 2.62289046211 1.44
Cr 1 2.62281128406 1.17
Fe 2 2.62265871194 -0.31
Mn 3 2.62241646388 1.3
Fe 1 2.6220366234 1.54
Fe 1 2.62177403268 1.54
Fe 1 2.62140961998 1.18
Ti 1 2.62133391201 1.55
Fe 1 2.62122734078 -0.15
Cr 1 2.62083698612 0.87
Ti 1 2.62058527043 1.12
Fe 2 2.62041279776 1.18
Ni 1 2.62023447803 0.73
Ni 1 2.61986971811 1.39
Ni 1 2.61946244539 0.99
Ti 1 2.61933577276 0.99
Fe 1 2.61924181381 1.38
Mn 1 2.61896064128 1.32
Cr 2 2.61799387303 1.62
Ce 2 2.61748180061 1.16
Ti 1 2.61716305174 0.27
Fe 1 2.61700633025 1.05
V 1 2.61656764305 0.07
V 1 2.61618938448 1.43
Fe 1 2.61551286653 1.49
Fe 1 2.61511042216 1.62
Fe 1 2.61485677208 1.46
Tm 2 2.61443451717 1.11
Ti 1 2.61416209234 0.84
Nb 1 2.61313960025 1.36
Ni 1 2.61302548868 1.49
Ti 1 2.61286860155 2.01
Fe 1 2.61250385259 1.4
Co 1 2.61037333278 1.26
V 3 2.61022148986 1.25
Fe 2 2.6091882952 0.6
Ni 1 2.609032143 0.74
V 1 2.60886102297 1.68
Fe 3 2.60797547741 0.99
Ni 1 2.60757924279 1.22
Cu 1 2.60730084262 1.52
Fe 1 2.60706454798 1.3
Cr 1 2.60683947743 1.1
Ni 1 2.6066182818 1.25
Fe 1 2.60603543904 1.48
Ti 1 2.60574039143 1.02
Ti 1 2.60510971644 1.18
Mn 1 2.60388400709 0.5
Mn 1 2.60341379158 1.12
Ni 1 2.60327347063 1.18
Ce 2 2.60257116397 1.03
Fe 2 2.60236194418 1.37
Ti 2 2.60223642846 0.81
Cr 1 2.601722148 0.78
Ce 3 2.60150907988 1.36
Mn 1 2.60120168567 1.08
Fe 2 2.6009842285 1.19
Cu 1 2.60041273781 2.05
Fe 2 2.60029455416 1.88
O 4 2.60015473283 1.13
V 1 2.59924195577 1.44
Ti 1 2.59865069633 0.75
Fe 1 2.598325572 1.49
Fe 1 2.59770805985 1.34
Fe 1 2.59753640846 1.12
V 1 2.59738659938 1.61
Ti 1 2.5960489336 1.37
Fe 1 2.59594745213 0.83
V 1 2.59578945687 0.85
Fe 1 2.59411617096 0.82
Ti 2 2.5938198004 1.38
Fe 1 2.59337268636 1.45
Fe 2 2.59218693443 1.31
O 4 2.59195700169 2.01
Ni 3 2.59072918087 0.83
Fe 1 2.59058340366 1.78
V 1 2.59040300476 2.54
Cr 1 2.59026781677 -0.28
Fe 1 2.59012333601 1.22
Fe 1 2.58957169763 1.71
Ce 2 2.58906754659 0.96
Mo 1 2.58875438289 1.38
Fe 1 2.58858537192 0.98
Cr 1 2.58821667275 1.33
Fe 1 2.58799511471 1.25
Ti 1 2.58787087296 1.0
Fe 1 2.58772514719 0.92
Si 1 2.58714149044 1.47
Fe 2 2.58704567041 0.35
Co 1 2.58685513111 0.96
Fe 1 2.58625789405 1.03
Fe 1 2.58604616452 1.5
Ti 1 2.58504678387 0.52
Fe 1 2.58393831358 1.17
Ti 2 2.58379469956 0.41
Cr 2 2.58368604385 0.72
Fe 1 2.58332390618 1.31
Fe 1 2.58310738269 0.88
Fe 1 2.58293550299 1.92
Fe 1 2.58265518474 1.36
Cr 1 2.58245281234 1.34
Fe 1 2.58164729521 1.68
Fe 2 2.58145432535 -0.02
Ce 3 2.58057562926 1.1
Ti 2 2.58027063801 1.14
Co 2 2.58009242416 2.03
Fe 2 2.57962340825 0.73
Cr 2 2.57924609692 1.43
Fe 2 2.57895257771 0.7
Fe 1 2.57886288822 1.32
Mn 1 2.57862528415 2.11
Ni 1 2.5784124431 1.68
Ni 1 2.57823759546 0.5
Cr 1 2.5780958474 0.91
V 2 2.57766608795 1.48
Zn 1 2.57735112208 1.26
Cr 1 2.57724290048 0.91
Ni 1 2.5765718616 1.43
Cr 2 2.57638227302 1.5
Fe 2 2.57607998489 -0.02
Fe 2 2.57596491243 2.04
Co 1 2.57577241651 1.08
Cr 1 2.57534995753 1.06
Ni 1 2.57517236924 2.1
Fe 2 2.57482913699 1.54
Fe 2 2.57468835159 1.17
Ni 1 2.57445867934 1.24
Fe 4 2.57405583611 1.2
Mn 1 2.57345819074 0.07
Ti 1 2.57206778715 0.96
Sc 1 2.57172180791 1.49
Fe 1 2.57092185073 0.01
Si 1 2.57051606321 1.43
Ni 2 2.57041459637 0.92
Cr 2 2.57008568361 1.34
Fe 2 2.56923478014 0.5
V 1 2.56831500906 1.34
Ni 1 2.5674798985 1.16
Cr 1 2.56729440984 1.03
Ni 1 2.5663359208 1.38
Mn 2 2.56608505806 3.25
V 1 2.56567315044 0.8
Fe 2 2.56551802241 2.45
Cu 1 2.56526774414 1.61
Ce 2 2.56493091432 1.26
Fe 1 2.56456802043 1.5
Cr 3 2.56384275268 2.09
Ti 2 2.56365052688 0.93
Cr 1 2.56332419074 1.24
Fe 2 2.56266382234 -0.29
Ti 1 2.5624385675 2.9
Fe 1 2.56189823385 1.05
Y 1 2.56173043529 1.34
Fe 2 2.561664063 0.17
C 1 2.56149655971 1.43
Ti 1 2.56119463282 1.0
Fe 1 2.56071310464 1.51
Fe 2 2.56018391291 1.11
Ce 2 2.55999117818 0.96
Ni 3 2.55980465595 1.38
Mn 3 2.55953055088 0.96
Ti 1 2.55907996669 0.64
Fe 1 2.55866740054 1.62
Ce 2 2.55729108314 1.06
Fe 1 2.55696457099 2.01
Ti 1 2.55681291967 0.3
Fe 1 2.55655020893 1.6
Cu 1 2.55597399497 2.1
V 1 2.55559003173 0.51
Fe 1 2.55539124649 1.39
Ni 1 2.55502962514 1.73
Fe 2 2.5543814696 0.65
Fe 1 2.55380812644 1.68
Fe 2 2.55352583755 0.71
Fe 2 2.55338721433 1.74
Ti 1 2.5532111698 1.09
Mn 2 2.553114955 1.74
Ni 1 2.55248469088 1.38
V 1 2.55202980744 1.05
Fe 1 2.55157650389 1.37
Fe 1 2.5512509243 0.75
Ni 2 2.55099796312 1.29
Cr 1 2.55042052407 2.05
Cr 1 2.55014915926 0.96
V 2 2.54975771513 1.05
Co 1 2.54919876256 1.0
Ni 1 2.5490547915 1.25
Ni 3 2.54885241047 0.9
V 1 2.54863481598 0.89
Fe 2 2.54817077695 1.8
Ni 1 2.54782758376 1.47
Fe 1 2.54716931379 2.31
Co 1 2.54699098623 1.19
Th 2 2.5467793593 1.24
Ni 2 2.54650097566 0.99
Fe 1 2.54615739546 1.39
Ti 1 2.5458116079 1.02
Cr 2 2.54545300613 1.23
Ni 2 2.54518510075 1.19
Gd 2 2.54486350068 1.75
Ti 1 2.54475563971 1.6
Fe 1 2.54435812174 1.11
Ni 1 2.54407854445 1.65
Fe 1 2.54391750867 1.2
Ti 2 2.54378248401 0.83
Nd 1 2.5436016037 -0.15
Ni 1 2.54337363514 1.91
V 1 2.54301212083 1.1
Fe 1 2.54280824705 1.53
Fe 1 2.54264700703 1.23
Cr 1 2.54252708108 1.75
Fe 1 2.54190771334 0.89
Ce 2 2.54160934442 0.88
V 3 2.54038054887 0.71
Mn 3 2.53984104809 1.78
Fe 1 2.53976602427 0.85
Fe 1 2.53954462058 1.0
Y 2 2.53874422715 1.14
Cr 2 2.53826351611 1.5
Mn 1 2.53801348738 1.23
Fe 1 2.53783586805 0.89
Ti 1 2.53755678735 1.09
Fe 1 2.53736796353 1.3
Fe 2 2.53716011327 0.66
Cr 1 2.53701438397 0.92
Fe 1 2.53692037227 1.13
Mn 2 2.53683109097 2.0
Fe 1 2.53617242038 -0.01
Ce 2 2.53596528464 1.75
Fe 1 2.53507285596 1.76
Fe 1 2.53469084527 1.1
Ni 3 2.53398232367 0.71
Fe 2 2.53348886686 0.39
Fe 1 2.53213034295 1.52
Fe 2 2.53033203527 1.15
Y 2 2.53022834581 1.01
Ni 1 2.52978853468 1.86
Fe 1 2.52858186614 2.24
Ni 1 2.52801360168 1.27
La 1 2.52763984749 0.89
Mn 1 2.52629963276 0.26
Fe 1 2.52614953814 1.12
Fe 1 2.52545370489 1.37
Ni 3 2.52512601448 1.02
Fe 1 2.52496937445 0.79
Fe 1 2.52484622564 1.12
Sc 1 2.52452203406 0.22
Fe 1 2.52435010134 0.99
Fe 1 2.52422202797 1.35
Ni 1 2.52409900343 0.1
Fe 1 2.52385268206 1.07
Fe 2 2.52327822184 1.03
Ni 1 2.52309480305 1.54
Cr 2 2.52213588315 2.04
Fe 2 2.52142015832 0.22
Fe 1 2.52102266904 1.47
Ni 1 2.5208422432 1.01
Fe 2 2.52066102324 0.85
Sm 1 2.52051733679 1.05
Cr 1 2.52007290415 1.96
Cr 2 2.51973979774 1.31
La 2 2.51950215986 1.0
La 2 2.51909263287 1.1
Cr 1 2.51884442195 1.1
Nd 2 2.51799268849 1.3
Fe 1 2.51756361265 1.33
Fe 1 2.51730057436 1.71
Fe 2 2.51715333576 1.49
Fe 2 2.51620474732 0.81
Ti 1 2.51574151743 0.73
Fe 2 2.51473819103 1.14
Ni 1 2.51448359606 1.06
Fe 2 2.51383877123 1.72
Mo 1 2.5131938695 1.91
Fe 1 2.5128111411 1.08
Ni 1 2.51192169963 0.85
Cr 2 2.51165861776 1.5
Ce 2 2.51115164094 1.48
Fe 1 2.51072997754 0.6
Fe 1 2.51040441931 2.01
Fe 1 2.51018876568 0.61
Fe 1 2.50996105575 1.49
Fe 7 2.50854074551 0.71
Ni 1 2.50703849545 0.75
Fe 1 2.50694162316 0.79
Fe 1 2.50673847419 1.07
Fe 1 2.50656074585 1.34
Si 1 2.50594276975 1.0
Fe 2 2.50467666344 1.08
S 1 2.50357622658 0.75
Ce 2 2.50339005014 1.21
Ni 1 2.50310899286 0.97
Cr 1 2.50230175281 0.75
Tm 2 2.50103750582 1.16
V 2 2.50089241573 1.47
Sc 2 2.49871339936 0.94
Fe 1 2.49838631806 0.75
Cr 1 2.49720081254 2.17
Ni 1 2.49707990482 0.97
Mn 1 2.49673399437 1.44
Fe 1 2.49661695261 1.41
Ni 1 2.49589538728 1.01
Co 1 2.49570588033 0.91
Ce 2 2.49545783653 0.45
Ni 2 2.49530776835 1.3
Fe 1 2.49469362115 1.52
Fe 1 2.49440302085 0.76
Fe 2 2.49309700908 0.22
Ni 1 2.49246546015 0.88
Fe 2 2.49196354665 1.65
Ni 1 2.49157644141 1.17
Mn 3 2.49147925832 1.5
Ni 1 2.49129497674 0.81
Fe 2 2.49081325004 2.47
V 1 2.49058258769 1.82
Fe 1 2.49034126355 0.3
Fe 1 2.48984945528 0.92
Ni 1 2.48955618319 1.02
Ti 2 2.48896529933 1.8
Ti 1 2.48877769253 1.16
Ti 2 2.48857517889 2.22
Fe 1 2.48839387373 1.35
Fe 2 2.48821913654 1.15
V 3 2.48801786212 0.99
Fe 1 2.48771823277 1.47
Ni 1 2.48758636283 0.8
Fe 1 2.48701936159 1.15
Fe 1 2.48687275078 1.87
Cr 2 2.48665488683 2.02
Ce 2 2.48653295355 1.24
Fe 1 2.48619609087 1.25
Fe 1 2.48517653579 0.9
Ti 1 2.48508652583 0.83
Ti 1 2.48412257795 1.05
Dy 1 2.48402104847 1.14
Sc 1 2.48372675945 0.53
Fe 1 2.48326710349 1.13
Ni 2 2.48298512611 0.8
Fe 2 2.48281343475 1.55
Pr 2 2.4825956849 1.64
Ni 2 2.48196194203 0.69
Ni 1 2.48184300223 1.43
Ti 2 2.48148699618 1.71
Ni 1 2.48124991417 1.17
Ti 1 2.48112463756 0.91
Ni 1 2.48056494517 1.31
Fe 1 2.48012446743 1.48
Ti 1 2.47993045281 1.0
Ni 1 2.47951400183 1.04
Fe 2 2.4793217684 0.63
Ti 1 2.4791930675 1.02
V 1 2.47894700636 1.26
Fe 1 2.47875961826 1.25
Fe 1 2.47840216769 2.22
Ti 1 2.47829625052 1.52
S 1 2.47782934202 1.07
Fe 1 2.47768039625 1.88
Fe 2 2.4775249829 1.3
Mn 1 2.47725930541 1.43
Ti 3 2.47711646605 0.79
Mn 1 2.47685142044 0.47
Fe 1 2.47665336607 1.54
Fe 1 2.47609529329 1.29
Fe 1 2.47585617504 0.84
Ce 2 2.47570039724 0.78
Ti 1 2.47490999484 1.21
Cr 2 2.4747216359 1.2
Mn 1 2.47462191064 1.21
Sc 1 2.47427019505 0.33
Co 2 2.47369942565 1.5
Ni 1 2.47352852253 1.27
Sc 1 2.47340205066 0.62
Ni 2 2.47310316858 1.27
Ni 3 2.47290970833 1.05
Si 2 2.47263929945 0.33
Ru 1 2.47229327421 1.16
Ti 1 2.47169498463 1.33
Ce 1 2.47153825195 1.42
Mn 1 2.47099479337 1.05
Fe 2 2.47057464255 1.93
Cr 1 2.47021019757 2.76
Fe 2 2.47006885888 1.03
Fe 1 2.46993718042 1.13
Ti 1 2.46979178946 1.25
S 1 2.46900913734 0.5
Fe 1 2.46870551555 0.62
Ti 1 2.46839454779 1.08
Fe 1 2.46823857735 0.76
Sm 2 2.46808395314 1.45
Ti 1 2.46791279343 0.91
Ti 1 2.46742361587 0.67
Fe 1 2.46730753834 0.4
Cr 3 2.4671960867 1.16
Ca 1 2.46707355061 1.21
Si 2 2.46629693727 1.32
Cr 3 2.46621133117 0.0
Fe 1 2.4659945707 1.46
Fe 1 2.46581335308 0.87
Fe 1 2.46508203429 1.3
Fe 1 2.46451348708 1.1
Sc 2 2.46439435228 1.0
Fe 1 2.46395714987 1.15
Ni 1 2.4635589199 1.1
Ni 1 2.46226969306 1.0
C 2 2.46198596164 0.83
Ti 1 2.46173108451 1.01
Fe 1 2.46150748722 1.51
Ti 1 2.46078614367 0.83
Ce 2 2.4606914453 1.89
Ti 2 2.46046066381 1.22
Cr 2 2.46036501401 1.5
Ti 1 2.46002470946 1.01
Fe 1 2.45988023908 0.62
Fe 2 2.45948644825 1.55
C 1 2.45914467953 0.94
Ni 1 2.45893715725 0.79
Si 2 2.45825294769 1.27
Ti 1 2.45794787226 1.5
C 2 2.45653527883 1.1
V 1 2.45608261481 1.79
Ti 1 2.45600073266 1.01
Fe 2 2.45589336487 1.01
Ni 1 2.45569329762 1.07
Yb 2 2.45521692539 1.34
P 2 2.45433887374 1.04
Cu 2 2.45420867269 1.46
C 1 2.45409058063 1.0
Ni 3 2.45370388561 0.56
Ti 2 2.45287655794 0.5
Fe 1 2.45222316798 1.91
Fe 1 2.45181116991 1.52
Cr 1 2.45149605769 1.77
Ni 1 2.4512581774 1.7
S 1 2.45100721236 0.9
Fe 1 2.45024271337 1.13
Ti 1 2.44926307168 0.99
Ti 1 2.44802965136 1.12
Fe 1 2.44785333583 0.87
Fe 1 2.44776876365 0.96
Cr 1 2.44739695706 1.48
Fe 1 2.44682359619 1.28
Cr 1 2.44653873031 1.75
Co 1 2.44626763823 2.12
Fe 1 2.44604327003 1.74
Ti 2 2.44588663725 1.48
Cr 2 2.44573185784 1.31
Cr 2 2.44472978795 1.46
Fe 1 2.44444589131 0.88
Ti 2 2.4443453624 1.2
Fe 1 2.444159796 1.47
Ce 2 2.44403814026 1.08
Fe 1 2.44315992837 1.06
Fe 2 2.4424256241 1.22
C 1 2.44226700076 1.14
Fe 1 2.44112683755 1.87
Fe 1 2.44100755006 1.48
V 2 2.44075738217 0.89
Ni 1 2.44065379327 0.51
Ni 1 2.44037799948 1.03
Ni 2 2.44017204749 1.01
Ni 3 2.44010010697 1.46
Ce 2 2.43987710871 1.58
Ca 3 2.43975160608 1.07
Fe 2 2.4395063035 1.32
Fe 1 2.43903115209 1.25
Co 2 2.43866305024 1.19
Fe 1 2.43845259177 1.53
Ni 2 2.43800416976 1.2
Ti 1 2.43724747215 0.75
Tm 2 2.43707026319 0.81
Fe 1 2.43672324974 1.35
V 1 2.43653577427 1.39
Sm 2 2.43633473112 1.5
Fe 2 2.43546472471 1.99
Ca 1 2.43493983422 0.94
Sc 1 2.4344881619 1.11
Tm 2 2.43372791223 1.25
Fe 1 2.43347345488 1.45
Fe 1 2.43249490869 1.29
Cr 2 2.43234263069 1.66
Fe 2 2.43169102374 0.17
Fe 1 2.43150289122 0.9
Ni 1 2.4313867834 1.31
Ni 1 2.43109587116 1.26
Fe 2 2.43075055688 1.15
Ni 2 2.43063609338 1.14
Ni 1 2.42964973343 1.24
Fe 1 2.42914314683 1.48
Fe 1 2.42906747687 1.32
Mn 2 2.42894570098 2.12
Ce 2 2.42842295048 1.3
Fe 2 2.42751300346 1.13
Fe 1 2.42742607641 1.49
Fe 1 2.42647076445 1.15
Ti 2 2.42611546385 0.33
Cr 1 2.42594964821 1.68
Fe 2 2.42522645771 0.51
Ce 2 2.42479237096 0.96
Mn 1 2.42466836794 1.18
Fe 1 2.42416584695 1.2
Ni 1 2.42374763339 1.1
Fe 2 2.42356271765 1.55
Ni 2 2.42254128612 0.96
Cr 2 2.42197326563 0.97
Ti 1 2.42136999723 1.08
Fe 1 2.42079160732 1.0
La 2 2.42015302365 1.15
Mn 3 2.42003483237 1.54
Cr 1 2.4199310112 0.86
Fe 1 2.4198084022 -0.01
Fe 1 2.4193838536 0.88
Cu 1 2.41914064696 1.35
Cr 1 2.41864036722 -0.58
Ti 1 2.41808733205 1.1
Fe 1 2.41793963465 0.99
Mn 2 2.41783967091 1.3
Cr 2 2.41723944937 2.46
Ni 1 2.41714232381 0.99
Fe 1 2.417019903 1.22
Ti 3 2.41667636162 1.49
Cu 2 2.41657132116 1.06
Ce 2 2.41623115635 1.2
Mn 2 2.41615176852 1.17
Ce 2 2.41601409998 1.29
Fe 2 2.41558994035 1.04
Fe 2 2.41518752418 1.05
Co 2 2.41510702881 0.99
Fe 1 2.41397957572 0.38
Fe 2 2.41364892674 1.0
Tm 2 2.41351760396 1.19
Fe 1 2.41337347076 1.38
Tm 2 2.41248945785 0.83
Cr 1 2.41239346464 1.23
Fe 1 2.41132838237 1.0
Ni 2 2.41095781121 1.13
Mn 1 2.41077151364 1.73
Fe 1 2.41039820822 0.35
Cr 1 2.40995573448 2.0
P 2 2.40975230918 1.18
Ti 1 2.40958422701 1.14
Fe 2 2.40927631673 1.3
Fe 1 2.40918802243 1.12
Ni 1 2.40910581998 0.96
Sc 1 2.40897222956 1.11
Ti 1 2.40863981569 1.47
Fe 2 2.40837223841 1.05
Ti 1 2.40828714455 1.16
Ni 1 2.40808287833 1.51
Fe 2 2.40801206914 1.15
Sc 1 2.40737114081 0.25
Ce 2 2.407058375 1.16
Fe 1 2.40656737702 1.51
Ti 1 2.40643985965 1.53
Ce 3 2.40594612591 0.96
Cr 2 2.40586428459 1.54
Ti 2 2.40555998458 1.5
Ce 2 2.40540592676 0.77
Cr 1 2.40506385921 1.47
Ni 1 2.40476871693 1.14
V 1 2.40462781869 0.79
Co 1 2.40449136695 1.07
Cr 2 2.40388740661 -0.49
Pr 3 2.40373230468 1.04
Ni 2 2.40323134289 1.31
Fe 1 2.40281780611 1.52
Fe 2 2.40240860119 1.18
Fe 2 2.40224414837 0.54
Fe 1 2.40173701398 1.39
Fe 1 2.40067736748 1.14
Fe 2 2.40050116047 1.2
Ti 2 2.40043776761 0.35
Ce 2 2.40027655845 0.65
Fe 1 2.39987300317 1.79
Co 2 2.39932470887 0.49
Cu 2 2.39922228559 1.48
Ni 1 2.39876919303 0.68
Fe 3 2.39860663019 0.61
Ti 1 2.397401392 1.0
Ni 3 2.39689268572 0.6
Ti 1 2.39641193986 0.67
Fe 1 2.39549906772 1.52
Ni 1 2.39510775884 1.12
Rh 1 2.39478915127 0.42
Cr 1 2.39471838166 1.51
Fe 1 2.39407170418 1.46
Ni 1 2.39392322807 1.49
Cr 2 2.39348955403 1.23
Fe 1 2.39185300071 2.26
Fe 1 2.39155357233 1.49
Cr 1 2.39141398774 1.44
Ti 2 2.39079329664 0.89
Ni 1 2.39049334997 1.37
Fe 1 2.38986604243 0.99
Co 2 2.38950254462 1.08
Cr 2 2.38823480685 0.98
Fe 2 2.3879821842 1.14
Fe 1 2.38782742632 1.83
Ni 2 2.38773251195 1.23
Ti 1 2.38753990129 1.08
Fe 1 2.38663336118 1.09
Cr 2 2.38638939087 1.38
Fe 1 2.38612012136 1.09
Tm 2 2.38588585168 1.33
Ni 1 2.38561426297 0.48
Fe 1 2.38542327894 1.07
Fe 1 2.38525857346 0.36
Fe 1 2.38490289825 1.5
Fe 2 2.38423776023 0.38
Y 2 2.38412364676 0.72
Fe 2 2.38324956719 1.24
Ni 2 2.38223720097 1.76
Mn 1 2.38168444445 2.17
Cr 2 2.38154143492 1.39
Ni 2 2.38119665401 1.17
Fe 1 2.38067747559 1.03
Cr 1 2.38044783824 1.63
Fe 1 2.37978774053 1.06
Cr 2 2.37955589997 1.46
Cr 2 2.37934008587 1.41
Fe 2 2.37903424124 1.68
Co 1 2.37850802011 1.33
Fe 1 2.37799794937 1.47
Cr 1 2.37762989097 1.92
Fe 2 2.3773697514 1.09
Fe 1 2.37687292724 0.68
Ni 1 2.37677992967 0.99
Fe 1 2.3763648328 1.49
Fe 1 2.37612537074 0.56
Cu 1 2.37599664225 1.09
Ti 1 2.37531202476 1.5
Fe 2 2.37514175103 0.47
Ni 1 2.37504402075 1.01
Cr 1 2.37477084632 3.0
Fe 1 2.37437582125 0.64
Ca 1 2.37407952503 0.77
Fe 2 2.37372603952 1.17
V 1 2.3735297294 1.34
Eu 3 2.37321942571 0.23
Mn 2 2.37310931694 0.3
Mn 1 2.37293181985 0.18
Cr 2 2.37266158294 2.43
Cr 1 2.37219985687 1.52
Fe 2 2.37205562418 1.39
Fe 1 2.37190963935 1.0
Fe 1 2.37137141602 0.97
Ti 1 2.37069576181 1.12
Cr 2 2.37053711758 1.54
Cr 2 2.36949662068 2.45
Ni 2 2.36930064726 0.75
Nd 2 2.36873704214 -0.11
Fe 2 2.36854128483 0.87
Co 1 2.36828788012 0.87
Mo 1 2.36818732049 0.56
Fe 1 2.36782704062 0.39
Fe 1 2.36774637032 1.16
Cr 2 2.3673175625 1.33
Cr 1 2.36657988838 1.54
Co 3 2.36619020254 1.0
Nb 1 2.36593590104 1.43
Fe 1 2.36498659151 1.0
Cr 2 2.36459161266 1.39
V 1 2.36440555781 0.43
Fe 1 2.36353285274 1.79
Fe 2 2.36305634172 -0.16
Fe 1 2.36293159227 1.99
Cr 1 2.36269960231 2.51
Ti 1 2.36253644412 1.5
Fe 1 2.36200651559 0.93
Cr 2 2.36185704079 1.53
Ce 3 2.36160272513 0.77
Fe 1 2.36150983912 3.0
Fe 1 2.36131352057 1.5
V 1 2.36066264223 1.17
Nb 1 2.36024336042 0.94
Yb 2 2.36004626406 1.09
Fe 1 2.3593769124 2.26
Fe 2 2.359305751 1.14
Mn 1 2.35920860129 1.16
Ni 2 2.35912232254 -0.39
Fe 2 2.35903102297 1.1
Fe 2 2.35848969978 1.65
Ni 2 2.35817232704 0.42
Ni 1 2.35735091907 0.98
Ca 1 2.35694060886 2.0
Fe 4 2.35635044473 2.04
Fe 2 2.35612413306 1.46
Fe 1 2.35594500421 1.28
Ce 2 2.35582163113 1.08
Fe 1 2.35563350757 1.5
Ni 3 2.35538804771 1.5
Ce 1 2.35524146745 1.22
Co 2 2.35496218325 1.27
Cr 1 2.35480170197 1.2
V 3 2.35462161149 0.97
V 1 2.35443806113 1.51
Cu 1 2.35427434317 0.45
Fe 1 2.3541806023 1.28
V 2 2.35385889145 0.72
Pr 3 2.35338265449 0.54
Ti 2 2.35326281021 0.91
Ce 1 2.35284445595 1.03
Ni 2 2.35248972165 0.87
U 1 2.35174658192 1.18
Fe 3 2.35158435309 1.82
Fe 1 2.35123004322 1.52
Co 1 2.35113230905 1.45
Fe 1 2.35041609253 1.33
Cr 1 2.35007353798 1.7
Dy 1 2.34995247158 0.9
Sc 1 2.34865003769 0.71
Ni 2 2.34823705767 0.75
Ca 1 2.3481566938 1.5
Ni 3 2.3480336459 1.02
V 2 2.34790469735 0.49
Fe 1 2.34739002252 1.18
Fe 1 2.34657641844 1.5
Fe 2 2.34636223757 0.65
Fe 1 2.34621948684 0.37
Fe 1 2.34613788474 0.91
Fe 1 2.34590771571 1.12
Fe 1 2.34440045985 1.02
Nd 2 2.34234743303 0.9
Fe 1 2.34199426407 0.98
Fe 1 2.34173381379 1.21
Sc 2 2.34139489055 1.25
Ti 1 2.34119045195 1.23
P 2 2.34105752412 1.26
Cr 1 2.34078592439 1.0
Cr 1 2.34048323899 1.25
Ce 2 2.34018827338 0.86
Fe 1 2.34008337244 1.09
Sc 1 2.33986074858 1.37
Fe 2 2.33899172431 1.08
Co 1 2.33886509058 1.49
Ca 3 2.33874085282 0.92
Er 2 2.3383084178 0.94
Fe 2 2.33748042744 1.1
Tm 2 2.33673916368 1.18
Cu 2 2.33607874 1.68
Ce 2 2.33560795385 1.32
Fe 1 2.33550029555 1.42
V 2 2.33461718595 1.92
Ti 1 2.33366160692 1.34
Mn 2 2.33334842147 2.5
Fe 1 2.33269171217 1.1
Cr 1 2.33201313381 0.71
Sc 2 2.33125350341 0.76
Cr 1 2.33106853794 2.17
Fe 2 2.33061216699 1.0
Fe 1 2.33051443088 0.91
Fe 1 2.33004505258 0.99
Fe 1 2.32963653162 0.67
Fe 1 2.32870103275 1.5
Co 1 2.32822206652 1.25
Fe 2 2.32810026833 1.13
Ca 3 2.32784071369 0.54
Ni 2 2.32754307078 2.06
Fe 2 2.32735109195 1.46
Ca 3 2.32700605533 1.13
Cr 1 2.3268896684 1.15
Fe 1 2.32679883792 1.2
Cr 1 2.32653381065 1.7
Cr 1 2.32624095371 1.29
Fe 1 2.32616230653 0.66
Fe 2 2.32552176141 1.27
Fe 1 2.32499714469 0.67
Fe 1 2.32489286009 1.5
Fe 3 2.32452689166 0.38
V 1 2.32428630275 1.92
Cr 2 2.3240345243 0.41
Nb 1 2.32319841362 1.87
Fe 1 2.32278641501 1.35
Fe 1 2.32183231998 1.51
Cr 1 2.3216071124 2.02
Mn 1 2.32134378799 1.29
Co 1 2.32122462051 1.14
Co 1 2.32062783728 1.05
Cr 1 2.31928411384 1.17
Cr 2 2.31916177404 1.79
Fe 2 2.31895170073 2.19
Th 2 2.31874279296 1.35
Mn 2 2.31818326 0.53
Ca 1 2.31769340273 0.99
Fe 1 2.3175755628 1.55
Cr 1 2.31657583541 1.27
Fe 3 2.31599554327 0.72
Co 1 2.31348352279 0.62
Fe 1 2.31243703189 1.01
Ni 2 2.3119152838 1.97
Fe 2 2.3110342368 0.85
Yb 2 2.31080655371 1.12
Fe 2 2.30991658231 1.15
Cr 2 2.30910741225 1.46
Sc 2 2.30900699925 1.0
Fe 1 2.30884738851 1.1
Cr 1 2.30818527406 1.88
Fe 1 2.30723725167 1.67
Fe 1 2.30589770724 0.87
Fe 3 2.3055629891 1.65
Fe 1 2.30472173474 1.1
C 1 2.30439969291 1.0
Ti 2 2.30410146256 0.92
Fe 2 2.30309385769 0.53
Fe 1 2.30182950051 1.18
Cr 1 2.30155808214 1.22
Fe 2 2.30133153613 0.96
Ni 2 2.30048312195 1.15
Cu 2 2.30026856621 0.31
Cu 2 2.30008575379 1.0
Fe 1 2.299641006 1.41
Ni 1 2.29926908577 1.73
Fe 1 2.29891263123 1.51
Fe 1 2.29827170899 1.47
Fe 1 2.29803916477 0.12
Mn 1 2.29759691111 -0.08
Fe 2 2.29745752046 1.73
Ni 2 2.297220161 0.71
Fe 1 2.29701702264 0.54
Fe 1 2.29673584618 0.79
P 2 2.2962254962 1.32
C 2 2.29579018933 1.14
Ni 3 2.29546277626 1.38
Y 2 2.29482471035 0.89
Fe 1 2.2943799566 0.89
Fe 1 2.29424019183 1.13
Cr 1 2.29388363954 1.47
Ce 2 2.29372590053 1.65
Sc 1 2.29354544179 1.34
Fe 1 2.29331338635 1.52
Fe 1 2.29312701239 0.87
Cu 2 2.29284250485 1.09
V 1 2.29279014008 0.85
Mn 3 2.29225437612 1.44
Y 2 2.29212542153 1.11
Cr 2 2.29184510236 1.41
Fe 1 2.29137456948 0.99
Ce 2 2.29057727773 0.26
Cu 1 2.2902006262 1.41
Fe 2 2.29003692169 1.19
Fe 1 2.28955968955 1.17
Ti 2 2.28805148998 1.04
Yb 2 2.28788640381 1.34
Mn 1 2.28738327022 1.21
Ti 1 2.28713608984 0.57
Gd 1 2.28703508955 1.72
Fe 1 2.28675221808 2.73
Ce 1 2.28662257446 1.18
Fe 1 2.28594338778 1.77
Fe 1 2.28581602725 1.2
Ni 1 2.28557251397 1.04
Fe 2 2.28531831097 1.24
Fe 2 2.28423758978 1.86
V 2 2.28367590756 1.48
Fe 1 2.28344634953 1.38
Mn 2 2.28224967762 0.64
Fe 1 2.28207979897 0.55
Fe 1 2.28141812673 -0.01
Ni 1 2.28085803987 0.51
Fe 1 2.28067477555 1.29
Fe 1 2.28055186063 1.82
Fe 1 2.28029701171 1.59
Sc 5 2.27855762567 1.22
Ni 2 2.27700985113 1.19
Fe 7 2.27636244137 1.11
Fe 1 2.27622741217 1.25
Fe 1 2.27406807884 0.7
V 1 2.27375433751 1.41
Fe 1 2.27359122456 1.4
Mn 1 2.27260379037 2.33
Fe 1 2.27041012086 1.97
Sm 1 2.27012797988 1.11
Ni 1 2.26973645763 1.49
Fe 1 2.26954284513 0.82
Fe 1 2.26941161458 1.1
Fe 1 2.26899442802 1.11
Sc 5 2.26811512177 1.2
Fe 1 2.267870802 1.24
Rh 1 2.26740454585 1.05
Fe 2 2.26658273976 2.08
Mn 2 2.26635900796 2.03
Fe 1 2.26549979141 1.52
Fe 1 2.2653119091 1.65
Y 2 2.26521961438 1.49
Fe 1 2.26500645474 1.49
Fe 1 2.26401873068 1.07
Fe 1 2.26390475595 1.49
Ce 2 2.26375892471 1.56
Si 2 2.26343463329 1.07
Ti 1 2.26312976757 0.83
Fe 1 2.26213030663 1.49
Cr 1 2.26196398757 0.25
Ti 1 2.26189924119 1.25
Cr 1 2.26120496708 2.02
Co 1 2.26110166682 1.13
Fe 1 2.25953912915 0.35
Fe 1 2.25938373115 1.03
Fe 1 2.25929245405 1.23
Si 1 2.25911375016 1.47
Fe 1 2.25842595674 0.67
Cu 2 2.25830156165 0.92
Ti 1 2.25807756986 2.05
Cr 2 2.2576094118 1.86
Ti 2 2.25718755334 1.12
Fe 1 2.25692590278 1.72
Cr 1 2.25652931053 1.23
Ni 1 2.2563585169 1.14
Fe 1 2.25566825505 1.6
Fe 1 2.25527682233 2.26
Mn 3 2.25365317183 2.24
Cr 2 2.25341130233 1.07
Co 1 2.25295776803 1.09
Ti 1 2.2526589103 -0.04
Ni 1 2.25258135369 0.98
S 1 2.2518499241 1.68
V 1 2.25147907227 0.65
Fe 1 2.25072866437 1.96
Ni 5 2.25019424258 0.57
Th 2 2.24988803359 1.07
Cr 2 2.24924424172 1.68
Ti 1 2.24913680889 1.14
Ca 1 2.24895061085 1.0
C 1 2.24839224245 1.85
Ti 1 2.24831705866 1.0
Fe 1 2.2475229618 1.24
V 1 2.24740502001 1.15
Fe 1 2.24728521686 1.65
Si 1 2.24709472317 0.97
Ta 1 2.24563164241 0.65
Fe 1 2.24509577597 1.53
Co 1 2.24474966043 0.82
Fe 2 2.24401035102 0.1
Ce 2 2.24383535588 1.25
Ni 2 2.24331857089 1.08
Zr 1 2.24267370521 1.4
Pr 3 2.24247892256 1.75
Fe 1 2.2423694178 0.57
Co 1 2.2417146404 1.99
Fe 1 2.24122621882 1.44
Ca 1 2.24090798608 0.74
Cu 2 2.24013449361 1.57
Fe 2 2.24006912915 0.57
Ce 2 2.23982838607 1.07
Nd 2 2.23888432623 1.44
Fe 1 2.23827283734 1.52
V 2 2.2366859971 1.33
Ce 2 2.23639119839 1.33
Ce 1 2.23535435218 1.18
S 1 2.23515805846 1.67
Yb 2 2.2343804762 0.82
Fe 1 2.23408998847 1.33
Fe 2 2.23396612638 1.31
V 1 2.23354082485 2.05
Mn 1 2.23315353411 1.28
Sc 1 2.23250404659 1.6
Cr 1 2.23198165873 1.62
Th 1 2.23111698889 1.22
Ce 2 2.23074322106 1.02
Fe 1 2.23007672309 1.43
Fe 1 2.22984702588 0.86
Ti 1 2.22884620767 1.1
Y 1 2.22848565715 0.85
Fe 1 2.22764642706 1.08
Fe 1 2.22697137792 0.75
Fe 2 2.2268168676 1.41
Ni 2 2.22638240974 1.48
Fe 1 2.22608092807 0.75
Fe 1 2.22479297612 1.0
Cr 2 2.22469078036 1.42
Ca 1 2.22115683968 1.5
Sc 1 2.22003754716 0.86
Fe 2 2.21924816297 0.35
Fe 1 2.21892720535 1.21
Fe 2 2.21881137202 1.17
Fe 1 2.21845469564 1.53
Ni 1 2.21821893295 1.03
S 1 2.21791680132 0.97
Sc 1 2.21742322693 1.33
Fe 2 2.21707694767 0.57
Fe 1 2.21691536391 1.15
Ni 1 2.21648301723 0.94
Ca 1 2.21619518349 1.16
Th 1 2.21595673233 0.97
Ca 1 2.21460463173 0.5
Mn 2 2.21399158501 0.86
Fe 1 2.21391492862 1.47
Ce 1 2.21349876798 1.24
Mo 1 2.21299029134 0.94
Sc 1 2.21285679075 1.8
Sc 1 2.2111973968 0.62
Mn 2 2.21045700438 0.42
Fe 1 2.20837398511 0.67
Fe 2 2.20817441747 1.2
Th 1 2.20796316837 1.53
Fe 1 2.20783597438 1.19
Fe 1 2.20666164622 1.31
Co 2 2.2064205302 1.86
Mo 1 2.20628232458 1.77
Fe 1 2.20611410616 1.33
Cr 4 2.20593154852 1.38
Si 1 2.20549335296 0.63
Sc 1 2.2045436704 1.11
S 1 2.20433911164 1.03
Ni 1 2.20403937759 1.28
Ca 2 2.20317703412 1.33
Ni 1 2.20285483709 0.6
Fe 1 2.20066365186 1.43
Fe 1 2.20043759124 1.51
S 1 2.19977768034 2.23
Fe 1 2.19959016033 1.16
Ni 1 2.19942495067 0.73
Ti 1 2.19897673868 1.93
Fe 2 2.19878822435 0.49
Sc 2 2.19791128181 1.5
Cu 2 2.19774087024 1.05
Ni 1 2.19756849859 1.15
Co 1 2.19710021273 1.06
Mn 1 2.19669280095 1.78
Si 1 2.19611584745 1.47
Co 1 2.19548546735 1.1
Ni 2 2.19496692934 1.06
Fe 2 2.19454007049 2.17
Fe 1 2.19441577766 0.52
Ce 2 2.19414642128 1.13
Fe 1 2.19384044649 1.88
Fe 1 2.19363018442 0.7
Fe 1 2.19351092314 1.61
Cr 2 2.19290697646 3.18
Fe 1 2.19249433316 0.47
Fe 1 2.19240206129 1.06
Ni 2 2.19227940601 1.89
Cr 2 2.19135299583 1.43
V 1 2.19109875652 1.3
Fe 1 2.19099185035 1.38
Co 2 2.19024821 0.62
Fe 1 2.19013883339 1.18
V 2 2.190009855 1.57
Ti 1 2.18970174556 1.24
Fe 1 2.18956029025 1.28
Fe 1 2.18939731835 1.0
Cr 1 2.18898421693 1.31
Si 2 2.18838272142 1.0
C 1 2.18795011802 0.5
Sc 2 2.18777020661 1.49
Fe 2 2.18704306382 0.95
V 1 2.18677169587 2.62
Ni 1 2.18669209196 0.75
Sc 1 2.1859680936 1.16
Cu 2 2.18579590664 1.01
Si 1 2.18458300424 0.95
Cu 1 2.18445995216 1.18
Dy 1 2.18370846922 0.86
Fe 1 2.18319594003 1.45
Ce 3 2.18272741846 1.06
Cu 2 2.18197163565 1.94
Mn 1 2.18180023126 0.91
Sc 2 2.18120674435 1.48
Fe 1 2.18109842235 1.35
Fe 1 2.18031397509 0.84
Co 1 2.17967033077 0.61
Fe 2 2.17918788516 1.08
Si 1 2.17882139535 1.53
Fe 1 2.17841127976 -0.02
Fe 2 2.1777829881 1.28
Cr 1 2.17717046584 1.17
Ni 1 2.17707745317 1.27
Fe 1 2.17665503944 1.07
Fe 1 2.17591724076 0.94
S 1 2.17579222288 0.72
Mn 2 2.17507786519 1.83
C 2 2.17473930561 1.5
Fe 1 2.17457250631 1.1
Tm 2 2.17427669405 1.03
Ca 1 2.17379548949 1.5
Ni 2 2.17307619573 0.77
Cu 2 2.17287118954 0.9
Fe 3 2.17247964116 1.04
Ce 2 2.17207312694 1.43
Si 1 2.17196076389 1.49
Fe 1 2.17158871324 1.43
V 3 2.17093435802 1.13
Ca 1 2.17064181482 1.31
Fe 1 2.17054194935 2.01
Mn 1 2.17029715061 2.14
Mo 1 2.16941810866 0.98
Ti 1 2.16837734187 1.95
Fe 1 2.16722035809 1.4
Ni 2 2.16690620533 1.35
V 1 2.16488971556 0.95
Ce 2 2.16310436572 1.76
Fe 1 2.16290644358 1.4
Fe 1 2.16269275099 1.32
V 1 2.16110974625 1.16
Ti 1 2.1602032764 1.03
Fe 1 2.16008671878 1.09
Fe 1 2.16000885762 1.69
Fe 1 2.15930851011 1.36
Si 1 2.15712213993 1.03
Fe 1 2.1570146207 0.55
Ni 1 2.15686553761 1.44
Sc 1 2.15548521882 1.8
Fe 1 2.15507683552 0.94
Si 1 2.15488273912 0.32
Fe 2 2.15471530195 1.26
Fe 1 2.15459735133 1.36
Ni 1 2.15450243854 1.53
Ti 1 2.1542440261 2.65
Fe 1 2.15267429537 2.36
Ni 3 2.15237230402 0.99
S 1 2.15219274138 2.0
Fe 1 2.15203423855 0.5
Fe 1 2.15138597605 1.2
Mn 1 2.14902167594 2.28
Cu 1 2.1488972713 1.05
Si 1 2.14797403576 1.0
Fe 1 2.14688269413 1.42
Fe 1 2.14645757135 0.93
Si 1 2.14491289292 0.7
Fe 1 2.14483289373 1.63
Ca 1 2.144755275 1.12
Cr 1 2.14461786058 1.99
Cu 1 2.14426628005 0.83
Cr 1 2.14391844785 2.01
Cr 1 2.14362746935 1.67
Er 1 2.14332693629 1.09
V 1 2.14322089899 0.86
Fe 1 2.14310135101 1.45
V 2 2.14293688781 1.44
Ti 1 2.14283977748 1.11
Ni 2 2.14212209327 0.64
Ce 2 2.14098086113 1.2
Fe 2 2.14078515543 0.42
Si 1 2.14021480391 1.02
Fe 1 2.13990385129 1.34
Co 2 2.13844626124 1.16
Si 1 2.13634785255 1.29
Fe 1 2.1361728674 1.46
Ti 1 2.13609002262 1.14
Fe 1 2.13601505935 1.99
Ni 1 2.13573766371 1.23
La 2 2.1355340874 1.08
Fe 1 2.13518294144 0.96
Fe 1 2.13472318402 0.93
Fe 1 2.13426693109 1.21
Yb 2 2.1332745126 1.14
Fe 2 2.13221279386 1.59
Fe 1 2.13206297634 1.22
Y 1 2.13175365476 1.01
Fe 2 2.13164205268 0.92
Mn 2 2.1274306958 0.24
Ni 1 2.12607677241 1.08
Fe 1 2.12479998219 1.52
Fe 2 2.12467199428 0.88
Ni 1 2.12047777009 0.94
Si 1 2.120378188 0.9
Cr 1 2.1200713773 0.59
Cr 2 2.11949965272 1.42
Fe 3 2.11858437605 0.91
Fe 1 2.11824800998 0.65
Fe 1 2.11805480978 1.41
Si 1 2.11754991998 1.0
Fe 1 2.11718481442 1.01
Cr 2 2.11669060203 2.11
Ni 1 2.11658331762 0.57
Fe 1 2.11592091745 1.23
Fe 1 2.11492109539 1.25
Ti 1 2.11423475011 0.79
Fe 2 2.11351966667 0.86
Ti 1 2.11344458593 1.17
Y 2 2.11304430542 1.21
Fe 1 2.06536430825 1.32
Fe 1 2.0644967958 1.46
Ni 1 2.06388881962 1.06
Fe 1 2.06366573399 1.6
Fe 1 2.06345997047 0.1
Fe 1 2.06302467426 0.85
Fe 2 2.0622004222 2.36
Fe 1 2.06201988227 1.51
Cr 2 2.0618652275 1.51
Mn 1 2.0617608915 1.72
C 1 2.06130725726 1.05
Cr 2 2.06068951292 2.1
Fe 1 2.05948068868 1.43
Fe 2 2.05892110186 1.57
Fe 1 2.05815120113 1.17
Fe 1 2.05712889557 0.96
Fe 1 2.05616042381 1.57
P 2 2.05474647331 0.51
Cr 2 2.05430248943 1.32
V 1 2.05281175996 1.47
S 1 2.05068411249 2.0
Yb 2 2.04842271316 0.75
Cr 2 2.0481498709 2.43
Ni 1 2.04807807704 0.35
Fe 1 2.04794685142 0.52
Mn 2 2.04729290242 1.46
Fe 1 2.04498304668 0.86
Fe 1 2.04409381143 1.84
Fe 1 2.03972014675 0.99
Mn 2 2.03872809948 0.75
Co 1 2.0384016977 1.33
Fe 2 2.03830196792 2.19
Ce 2 2.03783565292 0.98
Th 2 2.03745244877 1.18
Fe 2 2.0371091509 1.56
P 2 2.03658878404 1.0
Fe 2 2.03579480944 2.43
Sc 1 2.03547135116 1.06
Si 1 2.03522406415 0.9
Ti 1 2.03493244897 1.2
Mn 2 2.03464786237 0.89
Fe 1 2.03440468105 0.67
Fe 1 2.03364009378 1.53
Fe 1 2.03311336265 1.63
Fe 1 2.03180470338 0.77
Ca 1 2.03162092375 2.0
Fe 2 2.03145808016 0.14
Mn 1 2.03138106144 1.21
Cr 2 2.03038034929 1.2
Si 1 2.03032851425 0.5
Fe 1 2.03009065226 1.41
Ni 1 2.02982719084 1.09
Ni 1 2.02884586987 1.22
Fe 2 2.02865127296 0.94
Si 1 2.02822934303 1.13
Fe 2 2.02817280701 2.01
Fe 2 2.02809952057 0.57
Ni 2 2.02714343396 1.37
Fe 2 2.02604153706 1.23
Ni 1 2.02596612029 0.36
Ti 1 2.02555397649 1.06
Ca 1 2.02515195698 1.75
Si 1 2.02422488691 1.13
Fe 1 2.02382765633 1.96
Fe 1 2.02327192083 0.72
Ni 1 2.02253623177 0.48
Si 1 2.02206186583 1.05
Si 1 2.02196996069 1.29
Cr 1 2.02039614208 0.95
Fe 1 2.02027584657 1.98
Ni 3 2.02018097664 1.76
Ti 2 2.02004346068 0.56
Si 1 2.01977519719 1.13
Fe 1 2.01871767908 1.81
Si 1 2.01856215555 1.75
Cr 2 2.01846951672 1.17
C 1 2.01763634672 0.67
Fe 2 2.01673323417 0.31
Fe 2 2.0162504379 1.35
Ce 3 2.01595564609 1.24
Fe 1 2.01547332029 1.84
Fe 2 2.01461633454 0.56
Si 1 2.01432156218 0.92
Si 1 2.01413864115 1.13
Ca 1 2.0140307366 2.0
Fe 1 2.01347327218 1.22
Cr 2 2.01332519239 1.14
Fe 1 2.01293539779 1.22
Fe 2 2.01248496042 0.55
Ca 1 2.01230678194 1.33
Tm 2 2.0120180071 1.21
Mn 1 2.0116023143 0.96
S 1 2.01150456951 1.06
Fe 1 2.01098082579 0.69
Ca 1 2.01062878245 0.5
Ca 1 2.00978040652 1.0
Ca 1 2.00961068695 1.67
Fe 1 2.00930373348 1.31
Fe 1 2.00913975943 1.41
Fe 1 2.00838288237 1.29
Fe 2 2.0077967728 1.22
Ce 2 2.00772062741 1.68
Mn 3 2.00725195005 0.24
Ni 1 2.00711264695 0.55
Fe 2 2.00641470049 1.31
Fe 1 2.00615127788 0.64
Cr 1 2.0040383511 1.59
Fe 1 2.0036267258 1.59
Ni 1 2.00259448809 1.27
Fe 1 2.00246925247 2.1
Si 1 2.00154780348 1.33
Fe 2 2.00121145841 1.36
V 1 2.00000608767 1.48
Fe 1 1.99990453088 0.6
Ti 1 1.99964246007 1.27
Ni 2 1.99825806061 0.77
Fe 1 1.99710021758 0.68
Si 1 1.99699403438 1.17
Sc 1 1.99542049579 1.06
V 1 1.99528282999 1.47
Ca 1 1.99486933672 0.67
Fe 1 1.99478129891 1.2
Fe 2 1.9944820349 2.63
Fe 1 1.99354580261 1.66
Ce 3 1.99324392901 0.77
Ti 1 1.99316308382 0.96
Fe 1 1.99306536058 1.29
Mn 3 1.99288429352 1.77
Sc 2 1.99203722028 0.97
Ce 2 1.99187240409 0.99
Fe 1 1.99115943235 1.35
Fe 1 1.99036296545 0.99
Ni 1 1.99008713 0.96
Fe 1 1.98988498229 1.24
Fe 1 1.98927259356 1.99
Si 1 1.987780253 0.97
Fe 2 1.9874403311 1.46
Fe 2 1.98713087643 0.82
Fe 2 1.98694448566 2.15
Fe 1 1.98682766294 1.46
Fe 1 1.98672062731 0.99
Fe 3 1.98602724456 1.02
V 1 1.9859373134 1.55
Fe 2 1.98570973837 0.67
Ca 1 1.98561760997 0.96
Si 1 1.98550536289 1.11
Sc 2 1.98513306692 1.17
Fe 1 1.9849166393 1.58
Fe 2 1.98458538354 1.01
Fe 2 1.98452290024 1.03
Fe 2 1.98409426357 1.42
V 1 1.98316867581 1.57
Cr 2 1.98293418689 1.75
C 2 1.98253112117 1.22
Fe 1 1.98239681291 1.51
Si 1 1.98221264016 1.1
Cr 2 1.98185893811 0.35
Fe 1 1.98173032744 0.96
Mn 3 1.98117682691 1.11
Ti 1 1.98098743666 1.11
Ni 1 1.98070631446 1.46
Fe 2 1.98022821343 1.27
Fe 1 1.97895590013 1.58
Fe 1 1.97742982357 -0.1
Mn 1 1.97734710254 1.18
Cr 1 1.95864794655 1.83
Cu 2 1.95841182674 0.06
Ce 1 1.95806703075 0.96
Ce 1 1.95702360939 0.35
Fe 2 1.95656406578 1.42
Cr 2 1.95593143476 0.88
Ni 1 1.95586049918 1.26
Mn 3 1.95430802493 1.53
Cu 2 1.9533973332 1.61
Fe 2 1.95235334759 1.23
Y 1 1.95147046122 0.54
V 1 1.95095454649 0.41
Fe 1 1.95056001794 2.66
Ti 1 1.9498395728 2.03
Ni 1 1.94918860557 0.99
V 1 1.94870109412 0.12
V 2 1.94855598763 1.14
Fe 1 1.94810047286 1.35
Fe 1 1.9479994055 1.02
Fe 2 1.94745271561 0.87
Fe 1 1.94679716601 1.2
Mn 1 1.94654042391 0.01
Ni 1 1.94627107034 1.29
Fe 1 1.94596211599 1.16
Ni 2 1.9438569128 0.43
Fe 1 1.94309974986 0.68
Ca 1 1.94219417788 1.0
Ni 1 1.94190707687 0.97
Fe 2 1.94166497171 1.44
Fe 1 1.94158609758 1.23
Ce 2 1.93951161513 1.09
V 1 1.939190032 -0.81
Ce 2 1.93724790808 1.16
Fe 1 1.93715737648 1.42
S 1 1.93551163781 0.56
Si 1 1.93504854986 1.41
Fe 1 1.93482777754 1.87
Fe 1 1.93389737938 1.08
Fe 1 1.93373380948 1.18
Ti 1 1.93356960385 1.5
Ni 1 1.93284767131 1.53
Si 1 1.93272938005 0.89
Fe 1 1.9321411519 0.96
V 1 1.93132226508 0.62
Ni 2 1.93123048155 1.18
P 2 1.93080879861 1.02
U 2 1.9297550811 0.77
Si 1 1.92914149631 1.62
V 1 1.92796133476 0.74
Fe 2 1.92741252891 1.82
Si 1 1.92717839774 0.95
Fe 1 1.9262956224 0.73
Ni 1 1.92590929784 1.01
Ca 1 1.92549702226 1.13
Fe 3 1.92330810867 1.65
Fe 1 1.92228893583 2.18
Fe 1 1.92217878746 2.12
Fe 1 1.92177895008 1.66
Cr 2 1.92154332655 1.39
Sc 2 1.87723978157 1.0
Cr 1 1.87657028427 1.78
Fe 1 1.87626718863 1.48
Fe 2 1.87595553362 1.83
Fe 3 1.87580746422 0.76
Fe 1 1.87145362278 0.77
Cr 2 1.87073879106 0.34
Mn 1 1.86981036811 1.19
Fe 2 1.86935932624 1.55
Ca 1 1.86908436488 1.09
Fe 1 1.8689916115 1.66
Fe 1 1.8688910076 1.37
Ni 1 1.86860452471 1.03
Si 1 1.86844553377 0.78
Cr 2 1.86809222359 1.56
Ni 3 1.86731586132 1.48
Ni 1 1.86621154281 1.31
Mn 2 1.86528317308 1.62
V 2 1.86495947455 0.97
Ce 3 1.86334846249 1.09
Cr 1 1.86287472536 1.15
Fe 2 1.86132322429 1.11
Fe 1 1.86066084129 0.84
V 2 1.8601748221 0.84
Cr 1 1.85955051644 1.18
U 2 1.85946693366 0.97
Fe 1 1.85661101085 1.1
Ni 1 1.85601223846 0.56
Fe 1 1.85397199584 0.74
Ce 2 1.85160830193 0.37
Fe 1 1.85152869426 0.61
Ca 1 1.8513889066 1.7
Fe 3 1.85087831916 0.26
Fe 1 1.85074774643 1.17
Fe 1 1.84952615718 0.92
Fe 1 1.84910274479 1.82
Fe 1 1.84766511478 1.69
Fe 1 1.84691430121 1.7
Fe 1 1.84672269781 1.28
Tm 2 1.84626853789 1.12
Fe 1 1.84603699272 0.94
Ca 1 1.84563984783 1.01
Cr 1 1.84449567354 1.69
Fe 2 1.84389119712 1.26
V 1 1.84353019808 1.19
Fe 1 1.84317462875 1.54
Mn 1 1.84169643445 1.23
Fe 1 1.84139965795 2.5
Fe 1 1.84007834548 1.47
Fe 1 1.84001796719 0.29
Fe 1 1.83965916543 1.17
Si 1 1.83908393323 1.17
Mn 1 1.83867395886 1.09
Fe 2 1.83855489 0.87
Fe 1 1.83790430541 1.76
Cr 1 1.83712212081 1.51
Fe 1 1.8367618352 1.5
Fe 1 1.83606670229 1.97
Fe 1 1.83586095079 1.79
Fe 2 1.83485181078 0.94
Sc 1 1.83349825415 1.11
Ni 1 1.83197949863 1.43
Fe 1 1.831468927 0.85
Fe 2 1.83109130287 1.61
Ce 2 1.83075011178 0.93
Ni 2 1.82988681956 0.47
Fe 1 1.82937487629 0.24
Ni 2 1.82903481018 1.01
Cr 1 1.8287495717 0.94
Ca 1 1.8280722947 1.08
Fe 1 1.82779560167 1.27
Si 1 1.82767667124 0.23
Mn 2 1.82753294612 1.28
Ni 2 1.82729110253 1.18
Fe 1 1.82682763344 0.72
Ca 1 1.825809818 1.73
Fe 1 1.82510661359 1.2
Ni 2 1.82442502482 1.28
Cu 1 1.82370942009 0.95
