Ca 1 3.30598708103 1.0 — no lande values in NIST
Fe 1 3.30564638276 1.2 - 3.0468689 — 1.001
Fe 2 3.30547599387 1.49
Fe 1 3.30528454522 2.59 - 3.0468689 - 1.001
Cr 2 3.30516551982 2.13
Tm 3 3.30483345376 1.07
Fe 1 3.30463745705 1.72
Fe 1 3.30411620129 0.66
Fe 2 3.30387315143 0.27
Mn 2 3.30372162205 1.05
Cr 2 3.30347784686 1.43
Ca 1 3.30330255663 1.14
Fe 2 3.30305847106 1.68
Ta 1 3.3022649222 1.13
Ti 1 3.30144578374 0.75
Gd 2 3.30134981436 1.13
Cr 1 3.30111816848 1.72
Fe 1 3.30090234651 1.51
K 2 3.30040479162 1.72
Fe 1 3.30013602454 1.03
Cr 1 3.29993721804 1.55
Ti 1 3.29968531061 0.48
Th 1 3.299478878 0.88
Cr 2 3.29914914222 1.87
Tm 2 3.29899508676 1.06
Ni 2 3.29806926637 0.92
V 2 3.29782616144 2.21
Mn 1 3.29764985925 1.5
Sm 2 3.29740585061 1.38
V 2 3.29725019979 1.44
V 2 3.29712626173 1.23
Fe 3 3.29698118084 1.51
Fe 1 3.29651648485 1.5
Tm 2 3.29627730874 1.52
Ca 1 3.29597258809 1.5
Ti 2 3.29581074352 1.14
Gd 1 3.29551183169 1.66
Ni 1 3.29516022513 0.92
W 2 3.29430707868 0.97
Fe 1 3.29412569295 1.0
Cu 1 3.29377371882 1.76
Fe 1 3.29259410525 1.09
Cr 1 3.29247437279 0.59
Fe 1 3.29211863508 1.22
Y 1 3.29161579835 1.55
Mn 2 3.29146470701 1.23
Cr 2 3.29114908837 2.11
Mn 2 3.29042088552 1.61
Cr 1 3.29024006893 0.41
Gd 2 3.29010443679 1.8
Fe 1 3.28983023021 1.26
Nd 2 3.28927871667 1.1
Ni 2 3.28917395175 1.49
V 1 3.28887094949 0.35
Mo 1 3.28871285913 1.02
Fe 1 3.28854190603 2.23
Fe 1 3.28843799394 1.23
V 2 3.28785786242 0.62
Fe 1 3.28740546726 1.5
Mn 2 3.28726225593 0.41
Mn 2 3.28695661597 2.31
Co 2 3.2868683447 1.34
Fe 2 3.28648724673 1.42
Cr 1 3.28612148853 1.77
Fe 1 3.28577527533 1.11
Mn 2 3.28548645367 0.83
Y 2 3.2849286129 1.0
Ti 2 3.28466111341 1.71
Fe 6 3.28449454025 1.8
Ni 1 3.28384848262 1.03
Fe 1 3.28360253352 1.75
Ti 2 3.28343345473 1.2
Fe 2 3.28307386149 1.42
Co 2 3.28254650858 2.07
Fe 1 3.28221666483 1.06
Tm 2 3.28168235688 1.55
Cr 2 3.2814586945 1.32
Tm 2 3.28129491486 1.41
Cr 2 3.28112755063 -0.18
Fe 2 3.28046672104 1.76
Fe 1 3.27897367235 0.88
Co 2 3.2786722551 0.55
Cu 2 3.27832727509 1.09
Fe 1 3.27788154831 1.8
Fe 1 3.27774064559 0.47
Sm 2 3.27709941347 2.87
Sc 1 3.27694341758 1.19
Ta 1 3.27632039372 1.81
Y 1 3.27593712068 1.06
Co 2 3.27565353953 0.8
Cr 2 3.275044441 2.01
Ti 1 3.27483661221 1.31
Mo 1 3.27465793502 0.68
Fe 1 3.27421948719 -0.01
Ni 2 3.27379035438 1.27
Fe 2 3.27317472188 0.6
Y 2 3.27247257695 0.9
Ni 3 3.27233151183 1.04
S 1 3.27205219862 1.26
Co 2 3.27196819635 1.1
Ce 2 3.27173067655 0.52
Fe 1 3.2715084152 1.31
Cr 1 3.27126314928 1.98
Mn 1 3.27116799795 1.5
Co 2 3.27093029487 1.25
Mn 2 3.27068700947 2.5
Cr 1 3.27015984591 1.53
Cr 3 3.27005483774 0.76
Yb 1 3.26984520727 0.9
Fe 1 3.2694967669 -0.35
Ni 1 3.26932759706 1.22
Fe 1 3.26891193657 0.43
Sc 1 3.26848136073 0.82
Fe 2 3.26824913776 1.25
Ce 2 3.26801459877 1.3
Ho 3 3.26760169455 1.19
Cr 1 3.26738535392 1.47
V 4 3.2672188933 0.55
Sc 1 3.26703266401 0.88
Fe 1 3.26658530045 1.7
Fe 1 3.26616338302 0.9
Gd 2 3.26584833437 1.97
Ti 2 3.26542035746 0.94
Ti 1 3.26519931636 1.13
Co 1 3.26487374902 1.91
Cr 1 3.26470076157 1.55
Fe 1 3.2645051794 1.4
Fe 1 3.26401381995 1.21
V 1 3.26337996457 0.88
P 2 3.26312336937 0.97
Cr 2 3.26293647057 0.29
Ni 1 3.26225858521 1.34
Mn 2 3.26213295591 2.75
Fe 2 3.26177934977 0.42
Fe 1 3.26157889994 1.16
Mn 2 3.26141728054 1.32
Fe 1 3.26130006381 0.92
Fe 1 3.26104365405 1.13
U 2 3.26078508318 0.95
V 2 3.26016275271 2.05
Th 1 3.26009619817 0.76
Fe 1 3.25996236694 1.44
V 1 3.25975587877 1.55
Mn 1 3.25929739742 1.49
Co 2 3.25906411487 1.19
Cr 1 3.25877662673 1.11
Fe 2 3.25864136476 0.07
Cu 1 3.25815534086 1.28
Fe 1 3.25801518716 1.16
Fe 1 3.25741586922 1.12
Ce 2 3.25698210477 1.75
V 3 3.25688243102 0.97
Ti 1 3.25661400335 0.99
Fe 5 3.25627780831 0.09
Sm 2 3.25594247274 3.77
Ce 2 3.25577872004 1.17
Fe 1 3.25564605433 0.55
V 1 3.25544270085 0.78
Fe 1 3.25526393708 1.29
Yb 2 3.2549879938 0.57
Cu 2 3.25453632352 -0.05
Fe 1 3.25353479415 1.14
Fe 1 3.25329178802 1.71
V 1 3.25306547391 1.46
Fe 1 3.25257072143 0.67
Mo 1 3.25206893878 1.53
Fe 1 3.25163479345 1.24
Ti 2 3.25128477588 1.19
Fe 1 3.2510765757 1.06
Mn 2 3.25085445563 0.53
Y 1 3.25066945219 0.99
Mn 1 3.25029242004 1.47
Ni 2 3.2500914515 1.03
Ce 2 3.24919155501 1.05
Cu 2 3.24892811822 1.26
Yb 2 3.24877699586 1.38
Mn 1 3.24843020441 2.1
Fe 1 3.24827448691 1.97
Ti 1 3.24765899704 1.26
V 1 3.24749484564 1.42
Fe 2 3.24707630493 1.59
Cr 1 3.24695818142 1.31
Cr 1 3.24606981105 0.61
Eu 2 3.24593412235 1.4
Ce 2 3.2456602071 0.96
Fe 1 3.24529154786 1.21
Co 2 3.24465672972 1.13
V 1 3.24439962936 1.53
V 1 3.24431755962 0.62
Fe 1 3.24410019716 0.7
Cr 3 3.24399143221 1.8
Ti 1 3.24323162896 1.01
Cu 1 3.24292966576 0.64
Mn 1 3.24267853054 1.16
S 1 3.24244949652 0.47
Mn 2 3.24236926111 2.33
V 3 3.24219589045 0.41
Mn 1 3.24188192626 1.03
Ni 3 3.24148105307 1.08
Ni 3 3.24107063982 1.23
Ni 3 3.24066370169 1.53
Nd 2 3.24022472574 0.52
Sc 4 3.24002760468 0.85
Ta 1 3.23985429047 1.21
Cu 2 3.23964870623 1.18
Mn 2 3.23922635618 2.51
Fe 1 3.23902078816 1.02
Cr 2 3.23873118464 1.56
S 1 3.23842641317 0.92
Fe 1 3.23772158102 1.01
Ca 3 3.23740017144 0.96
Er 2 3.236776399 1.17
Fe 1 3.23646498056 1.47
Ce 2 3.23630884017 1.18
Fe 3 3.23574748018 0.89
Cr 1 3.2352329807 1.5
Co 2 3.23474685513 0.95
Ho 3 3.23460432918 1.17
Fe 1 3.23439172146 1.29
Fe 3 3.23392999082 0.82
Co 2 3.23361352164 1.27
Ni 2 3.23204663046 1.62
Fe 1 3.23183964168 1.16
Cr 3 3.23168323716 0.84
Ti 1 3.23147519243 1.06
Gd 2 3.23135077663 1.74
Fe 1 3.23116288336 -0.31
V 1 3.23018460042 1.6
Nd 2 3.22961505219 -0.17
Cr 2 3.22938795902 1.0
Cr 2 3.22893680664 1.34
Sm 2 3.22838139543 0.62
Ce 2 3.22812298804 0.63
Fe 1 3.22786816664 0.76
Ni 1 3.22769291745 0.61
Mn 1 3.22753600578 1.08
Ce 2 3.22703972158 1.16
Cu 2 3.22629816382 1.13
Zr 2 3.22621718359 0.96
Fe 1 3.22601527037 0.98
Cr 1 3.22563773947 1.04
V 2 3.22539697788 1.0
Fe 2 3.22519755251 0.49
V 1 3.22501926787 1.42
Ce 3 3.22492269001 1.25
Fe 2 3.22439881625 0.91
Co 1 3.22416568483 1.2
Fe 1 3.2239696359 0.82
Fe 1 3.22372611661 1.0
Fe 1 3.2233706951 1.0
Cu 1 3.22316780573 1.97
Fe 1 3.22304622228 1.33
Cr 3 3.22292413528 1.06
V 1 3.2226098817 1.3
Fe 1 3.22179784736 2.03
Co 2 3.22157716516 1.28
La 2 3.2211999433 0.69
Ni 3 3.22090323829 0.67
Co 1 3.22075400394 0.8
Os 1 3.22038957201 1.3
Fe 1 3.21968083707 1.25
Co 1 3.21957990097 2.06
Cr 1 3.21852167542 1.5
Fe 1 3.21821567418 1.23
Dy 2 3.2178390211 1.25
Cr 3 3.21745751496 2.58
Yb 2 3.21682956561 1.8
Fe 1 3.21672416217 1.26
Ce 2 3.21593790084 1.31
Ni 3 3.21568482766 1.9
Fe 1 3.21548317568 1.2
Ca 1 3.21533545294 0.7
Fe 1 3.21504118534 1.5
Fe 2 3.21413566845 0.96
Fe 1 3.21396613786 0.76
Mn 1 3.21356109036 1.23
Mn 2 3.21343869478 0.5
Fe 1 3.21330265066 1.43
Ti 2 3.2129608256 1.5
Fe 1 3.21267516478 1.05
Fe 2 3.21209394373 0.71
Co 1 3.21105408588 0.92
Fe 5 3.21091056417 1.04
Ce 2 3.21071121581 1.96
Co 2 3.20990269711 1.09
Ti 1 3.20967705805 1.38
Tm 2 3.20948238244 1.12
Mn 2 3.20919995721 0.93
Ce 2 3.20892685864 1.1
Fe 2 3.20871738456 1.3
Fe 1 3.20844989859 1.52
Yb 2 3.20797436769 0.93
Co 1 3.20743087023 0.71
Cr 2 3.20703759696 0.9
Ti 1 3.20667562701 1.15
V 2 3.20640287662 1.34
Fe 1 3.2062273337 0.7
Fe 1 3.20602400842 1.48
Cr 1 3.20544411308 0.42
Mo 1 3.2050345767 0.96
Ti 1 3.20449553022 0.93
Fe 2 3.20426389491 0.16
Ti 1 3.20406901589 0.8
Co 1 3.20330167099 1.43
V 3 3.20228164607 0.32
S 1 3.20164948464 1.14
Fe 1 3.20130651627 1.06
Sc 4 3.20114759146 0.75
Ti 1 3.20078140687 1.34
Fe 1 3.20061374227 1.01
Co 1 3.20044367794 1.08
Sc 1 3.19998496792 1.08
Fe 2 3.1993512163 1.58
Fe 2 3.19909194014 1.23
Ni 6 3.19893977696 1.07
Fe 1 3.19873161211 2.25
Fe 1 3.19821027325 1.2
Fe 2 3.19807041418 1.37
Ce 2 3.19796684851 1.08
Cr 3 3.19746994111 1.38
Mn 1 3.19709627984 1.5
Ce 2 3.19684682601 1.17
Cu 2 3.19662984033 1.94
V 1 3.19610934531 1.65
V 4 3.19580742763 1.01
Ni 1 3.19515125442 1.04
Sm 2 3.19484816675 1.77
Fe 1 3.19433921724 1.65
Fe 4 3.19391119108 -0.02
Fe 1 3.19372346043 2.51
Ti 1 3.19356366957 1.2
S 1 3.19310139912 1.61
Cr 1 3.19275458245 0.03
Cr 1 3.19247697753 0.14
Fe 1 3.19188481431 1.54
Fe 1 3.19166541158 1.73
Ni 2 3.19148701606 0.78
Pr 2 3.19120159596 1.07
Fe 1 3.19093338577 1.05
Fe 2 3.1907366785 0.61
Fe 1 3.19059744602 1.1
Fe 1 3.19029753825 1.5
K 2 3.18987638116 1.5
V 2 3.18966899373 0.83
Ce 2 3.18898785383 1.04
V 1 3.18847396298 0.34
Cr 2 3.18821052258 1.25
Sc 2 3.18752541625 1.22
Cr 2 3.18733012283 1.51
Cr 1 3.18709652031 0.73
Fe 1 3.18693191319 1.58
Ti 1 3.18679186582 0.87
Fe 4 3.18655971809 1.47
Tm 2 3.18601866498 1.12
Cu 1 3.18579231419 0.9
Ni 4 3.18567422164 1.51
Fe 1 3.18481242461 1.04
V 1 3.18452346606 0.19
Sm 2 3.18392826924 2.08
Fe 1 3.18358012339 0.88
Cr 2 3.1834299676 2.3
Co 1 3.18316986079 0.63
Cr 2 3.18297024522 1.39
Ce 2 3.18278515806 0.75
Fe 1 3.18262155478 1.5
V 2 3.18224216125 0.24
U 2 3.18171038297 -0.03
Mn 1 3.18115473823 0.94
Fe 1 3.18099742186 0.75
Cr 2 3.18069938539 1.05
Tm 2 3.18030405197 1.09
Yb 2 3.17986489146 0.73
V 1 3.1793136478 1.66
Nd 2 3.17890922766 1.3
Ti 2 3.17864299655 1.11
Yb 2 3.17840887061 1.34
Ti 1 3.1783002699 1.29
Cr 1 3.17756036711 1.07
V 1 3.17724096539 1.28
Mo 1 3.17667652497 1.68
V 2 3.17643741197 1.45
Fe 1 3.17591882774 0.99
Fe 1 3.17576865027 1.85
Fe 2 3.17531043114 1.84
Fe 4 3.17517748154 1.71
Fe 6 3.17500242446 1.02
Tm 2 3.17484842321 0.86
Mn 2 3.17458013171 1.61
Y 1 3.17420138349 1.27
Er 2 3.17395328186 1.31
Fe 1 3.17380135579 1.07
Fe 1 3.17359057483 1.46
Ni 3 3.17341621334 -0.14
Gd 1 3.1732963831 1.67
Cr 1 3.17318860576 0.67
Fe 2 3.17299851787 1.73
Fe 1 3.17262628363 1.04
Tm 2 3.17223692816 1.14
Ce 2 3.17214060614 1.13
Cr 1 3.17196219061 1.5
Mn 2 3.17182120731 0.99
Cr 2 3.17153564455 1.22
V 1 3.1712225361 1.16
Fe 1 3.17107667275 1.53
Cr 2 3.17051998204 2.49
Fe 1 3.17026871284 1.52
Fe 2 3.17014014229 1.43
Ce 3 3.17000450486 1.05
Sc 2 3.16947859415 1.49
Pr 2 3.16933659685 1.4
Th 2 3.16909700712 0.98
Ni 1 3.16899774671 2.16
Cr 2 3.16869274991 2.18
Ni 1 3.16854140879 1.77
V 2 3.16814268894 1.01
Fe 1 3.16800845521 1.46
Co 3 3.16746613307 1.3
Fe 2 3.16732575224 1.79
Cr 1 3.16711840967 1.73
Fe 1 3.16672610593 1.09
Fe 1 3.1665135391 1.22
Mn 2 3.16615393316 1.35
Cr 1 3.16589634582 1.5
V 2 3.16576734153 0.88
Co 2 3.16550005078 0.74
Fe 1 3.16514118161 1.98
Fe 1 3.16499756817 0.72
Cr 1 3.16479889547 1.1
Ti 1 3.16415363156 1.48
Cr 2 3.16396321078 1.07
Cr 1 3.16355108989 1.66
Ti 1 3.16300837618 1.04
Co 1 3.16264787575 1.28
Mn 1 3.16235019776 2.03
Co 1 3.16219107818 1.01
Ce 2 3.16202035564 1.29
Fe 2 3.16185957513 0.3
Cr 3 3.16170594719 0.53
U 2 3.16161268953 1.5
Fe 2 3.16147982117 1.1
Fe 1 3.16118914709 2.26
Fe 2 3.16090627473 1.2
Sm 2 3.1606914218 2.4
Mn 1 3.1605078063 0.84
Ti 2 3.16006275279 1.73
Fe 2 3.15950039082 0.24
Ti 1 3.15921270406 1.21
Sm 1 3.15866968401 1.5
Fe 1 3.15831302873 1.38
Tm 2 3.15804468417 0.4
Ti 1 3.15776748208 1.13
Co 2 3.15765850281 1.27
Nd 2 3.15713636108 1.1
Cr 2 3.15686987386 2.27
V 1 3.15647793185 1.09
Co 1 3.15635660036 0.87
Cr 1 3.15590451896 1.5
Co 1 3.15545206512 -0.11
Fe 2 3.1553340671 1.68
Fe 1 3.15504121737 1.35
Yb 2 3.15490779611 0.88
Mn 2 3.15477442467 -1.8
Fe 1 3.15456902468 1.37
Cr 1 3.15443136251 1.26
Mn 3 3.15428106922 1.77
Ca 3 3.15410544573 0.83
Fe 1 3.15391194254 1.48
Cr 1 3.1531955529 1.63
Fe 1 3.15055870878 0.86
Pr 2 3.15014833944 0.94
Co 1 3.15002821514 1.6
Fe 2 3.14938358774 2.08
Fe 1 3.14893900864 1.83
Co 1 3.14864459244 0.89
V 1 3.14840247483 1.22
Fe 1 3.14814997712 1.17
Fe 2 3.14765457102 0.61
Ni 1 3.14749554612 1.18
Fe 1 3.14677532891 1.83
Fe 2 3.14652841916 1.33
Cr 2 3.14610223032 1.63
Fe 1 3.1457877204 1.24
Re 1 3.14561457929 0.6
Fe 2 3.14541832689 0.88
Ce 2 3.14508940556 0.84
Fe 1 3.14487242649 1.15
Cu 1 3.14428319197 0.8
Fe 1 3.14413845115 1.5
Mo 1 3.14401256369 1.18
Fe 2 3.14360360765 1.83
Re 1 3.14303869959 0.83
Fe 2 3.14290034095 1.48
Fe 1 3.14271723567 1.73
S 1 3.14255784423 2.45
Ti 2 3.14213734089 1.34
Fe 3 3.14201080463 1.15
Co 1 3.1414922533 2.15
Fe 1 3.14122857151 1.13
Cr 1 3.14113742593 1.02
Mn 3 3.1409214525 1.22
Fe 1 3.14080125829 1.62
Cu 1 3.14062357411 1.26
Fe 1 3.1403521731 1.14
Fe 1 3.14021103972 1.37
Ni 1 3.13988445492 0.98
Ti 1 3.13953154802 0.54
Ca 3 3.13915068123 0.86
Fe 1 3.13887589118 1.51
Y 2 3.13855737009 1.12
Ce 3 3.13792142162 0.74
Cu 1 3.13754905277 1.52
S 1 3.13743491697 1.13
Mn 1 3.1372815988 1.41
Nd 2 3.13709457555 0.74
Co 1 3.13698509455 1.48
Fe 2 3.13675093839 1.49
Fe 2 3.13650924197 1.13
Ca 1 3.13634884206 1.01
Fe 1 3.13606452208 1.92
Fe 2 3.13577631911 1.08
V 2 3.13524131489 1.51
Fe 1 3.13510024969 1.05
Cr 1 3.13460868589 1.69
Fe 1 3.13438993497 1.67
Fe 1 3.13427448384 1.53
Nd 2 3.1341113993 1.43
Fe 2 3.13372426322 1.27
Fe 1 3.13354062736 0.82
Fe 1 3.13326077933 1.07
Fe 1 3.1327924028 0.94
V 1 3.13254691074 2.17
Ni 3 3.13232848387 1.15
Cr 2 3.13217067223 1.49
Cr 1 3.13191015254 1.92
Fe 1 3.13069034568 0.69
Cr 1 3.13011270095 1.11
Ni 1 3.13000332269 1.64
Ca 1 3.12970528444 0.87
Fe 2 3.12942268818 1.53
Cu 1 3.12921015331 0.5
Fe 3 3.12904000406 1.34
Er 3 3.1286585504 1.04
Cr 2 3.1284531441 0.25
Fe 1 3.12820469388 1.86
Ce 2 3.12799991536 1.5
Ti 1 3.1275425348 1.4
Fe 1 3.12734157414 1.87
Fe 1 3.12656402214 1.47
Fe 1 3.12627789214 0.68
Fe 1 3.12612441073 1.98
Cr 2 3.1256847543 1.83
Fe 1 3.12553168727 0.42
Cr 1 3.12322730745 1.11
Mn 3 3.12271815071 1.92
Fe 1 3.12223848164 0.81
Fe 1 3.12198703415 0.9
Fe 1 3.12159468926 0.38
Eu 2 3.12146838202 1.53
Cr 1 3.12131811884 1.47
C 2 3.12101550676 0.2
Fe 1 3.12073821889 1.12
Co 1 3.12056234819 1.44
Er 1 3.12021854144 1.19
Ni 3 3.1199674969 1.39
Ti 1 3.11975436426 0.58
Cr 2 3.11956204741 1.1
Sm 1 3.11938121027 1.51
Fe 1 3.11929008031 2.48
Cr 1 3.1190811142 0.51
Fe 1 3.1189360551 1.01
Fe 1 3.11843742462 1.44
Ce 3 3.11824718838 1.11
Fe 1 3.11801151777 0.52
Cr 1 3.11779738764 1.01
Fe 1 3.11763992669 0.88
Co 1 3.1173905228 1.24
Fe 1 3.11694741735 1.82
Fe 1 3.11638997154 1.79
Co 1 3.11623258144 1.07
Fe 3 3.11607907761 -0.43
C 2 3.11583545631 0.86
Co 1 3.11555911078 1.36
Fe 1 3.11546497708 0.99
Sc 1 3.11534400695 1.2
Fe 1 3.11468885809 1.57
Ta 2 3.1144129772 1.88
Ni 2 3.11431878133 0.84
Co 1 3.1137955777 1.63
Co 2 3.11362126507 1.3
Y 2 3.11315629465 1.04
Gd 2 3.11284110546 1.64
Fe 1 3.11255511551 1.08
Fe 1 3.11241197616 0.83
Ni 3 3.11209475433 1.03
Ni 1 3.11193618016 1.25
Cr 1 3.11179165677 1.01
Ni 3 3.11153525001 1.09
Fe 1 3.11132192802 0.56
Ni 3 3.110980052 1.05
Ce 3 3.11035390173 1.15
Cr 1 3.10989715484 1.79
Co 1 3.10960481737 1.49
Ni 3 3.10941466841 1.32
Ti 2 3.10923953208 1.22
La 2 3.10853022669 1.32
Fe 1 3.10815117317 0.3
Fe 2 3.10798008474 1.14
Ni 1 3.10767183776 1.21
Y 1 3.1075466212 0.35
Fe 2 3.10739796091 3.15
Ce 2 3.10729110897 1.47
Y 2 3.10708888722 1.42
Ni 3 3.10693297629 0.04
Cr 1 3.10650257258 0.67
V 1 3.10618822259 2.51
Co 1 3.10606083084 0.96
Fe 1 3.10562732679 0.99
Fe 1 3.1055145915 0.94
Ca 1 3.1051754113 1.56
Co 1 3.10496151879 0.98
Cu 1 3.10456505322 0.82
Fe 1 3.10417346392 1.22
Mn 2 3.10386403283 1.18
V 2 3.10372942249 3.23
Co 1 3.10324879732 1.17
La 2 3.10290399959 0.9
Fe 1 3.10271750872 0.61
Mn 1 3.10264785188 0.94
Cr 1 3.1024934732 1.05
Pt 1 3.10226697211 1.15
Fe 1 3.10209906651 0.71
C 1 3.10195462729 1.04
V 2 3.10184562962 0.99
Nd 2 3.101611665 2.01
Fe 2 3.1012257779 0.89
Fe 1 3.10111684386 0.91
Fe 1 3.10078145564 1.29
Ni 3 3.10066139045 1.04
Cr 2 3.10039596658 2.32
Ce 2 3.10019939789 1.08
Fe 1 3.09958747235 0.99
Fe 1 3.09940574747 1.67
Fe 1 3.0992506872 1.11
V 2 3.09871001016 1.13
Sc 1 3.09848640198 2.08
Y 1 3.09831057513 1.69
Fe 2 3.09799918978 1.48
V 3 3.09767225357 0.58
Fe 1 3.09754456185 1.87
V 2 3.09733880234 0.92
Ce 2 3.09668789182 1.23
Cu 2 3.0965041929 0.93
Fe 1 3.09637922973 1.39
Co 2 3.09582746867 1.25
Fe 1 3.09567867224 1.31
V 1 3.09554249173 0.97
Fe 2 3.09538081549 1.15
V 2 3.0951930094 1.18
Fe 2 3.09484649598 -1.33
Fe 1 3.09471971302 0.85
Ca 1 3.09447512576 1.06
Ce 2 3.09436975458 1.17
Fe 1 3.09397875242 0.77
Ni 4 3.09385848467 1.1
Fe 1 3.0934734051 0.87
Pr 3 3.09329644578 1.13
Gd 2 3.09271550958 1.52
Er 2 3.09253652494 1.15
Mn 1 3.09222293423 1.68
Er 3 3.09210267647 1.45
Sc 1 3.09189731467 1.27
Mn 2 3.09174068566 0.35
Tm 2 3.09142451222 1.14
Fe 1 3.09127992076 1.3
Ti 1 3.09115767707 0.42
Fe 1 3.09078568369 1.19
Fe 1 3.09055449846 1.14
Ca 1 3.09014299714 1.25
Mn 2 3.09002830811 0.98
Sc 1 3.08981138968 1.95
Nd 2 3.08938989862 1.0
Co 2 3.08908242945 1.38
Dy 1 3.08893657941 1.6
Fe 1 3.08887943404 1.5
Ni 2 3.08858621031 0.99
Fe 1 3.08839075619 1.0
Tm 2 3.08831292841 1.25
Nb 1 3.08807965703 1.17
Ni 2 3.08765111498 0.62
Fe 1 3.08693250333 0.68
Cu 1 3.08666070506 2.15
Cr 1 3.08638785828 1.91
Fe 4 3.08612605076 2.23
Sc 1 3.08589453129 1.49
Mn 1 3.08564435104 1.51
Fe 1 3.085514341 1.09
Ce 2 3.08491087484 1.15
Fe 1 3.08414838039 1.01
Mn 2 3.08398679056 0.52
Fe 1 3.08382153437 0.97
Co 1 3.08349583814 1.33
Fe 2 3.08316005265 0.66
Fe 1 3.08294498743 1.41
Fe 1 3.08275477892 1.07
Ni 3 3.08262731693 0.63
Ni 3 3.08247347261 0.68
Fe 1 3.08231387891 0.62
Fe 1 3.08208402437 1.71
Fe 2 3.08186606492 -0.74
V 2 3.0815922039 1.02
Co 2 3.08135813247 1.63
Fe 1 3.08104646464 0.96
Cr 2 3.08076641847 1.24
Ti 1 3.08068019683 1.53
Fe 1 3.08056214403 0.84
Fe 3 3.08034209315 1.17
Ti 2 3.0802536171 1.06
Fe 2 3.08002731698 0.48
Fe 1 3.07972716137 1.48
Cr 1 3.07946607874 2.69
C 2 3.07925034852 1.2
Fe 2 3.07877755483 1.24
Ca 1 3.07852430005 1.24
Ce 2 3.07831347399 1.05
Ti 1 3.07779738365 1.36
Ni 2 3.07747726684 1.09
Ni 1 3.07708288727 1.51
V 1 3.0769726485 0.89
Cu 1 3.07680524855 1.5
Fe 1 3.07663422741 -0.23
Fe 1 3.07638810734 1.48
Cr 2 3.07625232496 1.81
Fe 1 3.0761532902 1.08
Fe 3 3.07595018335 1.09
Fe 2 3.07558215144 0.87
Pr 2 3.07519897929 1.07
Fe 1 3.07503373385 0.84
V 1 3.07465394952 1.22
Fe 1 3.07451942415 0.64
V 1 3.07418698715 1.71
Mn 2 3.07378211874 1.03
Mn 1 3.07310981568 1.73
Fe 1 3.07253584927 1.89
Mn 1 3.07217072428 1.5
Fe 1 3.07167585708 1.05
Th 2 3.07152811155 0.57
Co 1 3.07137693661 1.05
Fe 1 3.07110530697 1.02
Cr 1 3.07097355949 1.07
Ni 1 3.07067909307 1.13
Fe 1 3.06995920055 1.33
V 1 3.06983984199 0.29
Cr 1 3.06960941744 1.14
V 2 3.06924746985 1.45
Fe 1 3.06896562327 0.53
Fe 1 3.06884634044 1.64
Cr 1 3.06870086604 -0.78
Fe 1 3.06843026008 1.01
Ni 1 3.06832550245 0.73
Mn 1 3.06789367242 1.56
Ce 2 3.06695343152 1.22
Sm 2 3.06671140499 0.86
Gd 1 3.06609594688 1.79
Fe 3 3.06594877781 1.33
Ca 1 3.0657730082 1.17
Cr 2 3.06542610491 0.06
Mn 1 3.06503313175 1.29
Mn 1 3.06482167279 1.96
Zr 2 3.06465936859 0.56
Fe 1 3.06449991064 1.25
Tm 2 3.06432524019 0.69
Fe 1 3.06402553374 1.63
V 1 3.06380091369 1.16
Fe 1 3.06337718941 1.03
Mn 1 3.06229010218 1.5
Mn 1 3.062096457 1.05
Ni 3 3.06198880106 1.05
C 2 3.06184524788 1.14
V 1 3.06147126692 2.29
Zr 2 3.06109427867 1.1
Zr 1 3.06097121702 1.0
Fe 1 3.06082998761 1.84
V 2 3.0605479494 1.24
Yb 2 3.06033201071 0.81
Mn 3 3.06003481131 1.2
Fe 1 3.05988951107 1.08
Mn 1 3.05960485026 1.09
Mn 1 3.05947067066 0.95
Cu 2 3.05930717835 0.54
Fe 2 3.05911823442 -0.48
Mn 2 3.05887278279 1.22
Cr 2 3.05874624061 1.94
Ni 2 3.05844923745 1.07
Zr 1 3.05798519501 0.62
Fe 2 3.05768766321 1.31
Zr 1 3.05754040141 0.73
Mn 1 3.05740833292 0.7
Mn 1 3.05715474141 1.59
Fe 2 3.05681492481 2.47
Ti 2 3.05666659407 1.85
Fe 1 3.0565410685 1.0
Tm 2 3.05588305139 1.35
Fe 2 3.05579104166 0.25
Fe 3 3.05567510478 1.07
Ni 2 3.05560636409 1.07
Mn 1 3.0553518253 1.73
Fe 2 3.05514488148 1.7
Co 1 3.05486016865 0.88
Cr 1 3.05472883661 0.87
Nb 1 3.05460698687 1.23
Mn 1 3.05426336796 1.94
Fe 2 3.05400907844 1.6
Ti 1 3.05359793045 1.44
Tm 1 3.0534350757 1.42
Ca 3 3.05322682 0.98
Fe 1 3.052976631 1.72
Sc 1 3.05272213702 1.29
Mn 1 3.0525026432 1.36
Fe 2 3.0523245352 1.07
Fe 1 3.05196109053 1.69
Cu 1 3.05181587691 1.14
Co 2 3.05132661609 0.68
Fe 1 3.0510930089 1.09
Fe 1 3.05076633301 1.2
Ti 1 3.05063798962 1.48
Cr 1 3.05046152664 1.73
Mn 1 3.04998137849 0.97
Fe 1 3.04975505288 -0.01
Fe 1 3.04919184321 1.21
Co 1 3.04901643977 1.27
Fe 1 3.04885272231 1.06
Cu 1 3.04855600092 1.24
Fe 1 3.04833688317 1.06
Fe 1 3.04817582934 1.73
Fe 1 3.04780561525 1.54
Co 1 3.04738365642 1.29
Fe 1 3.04699381036 1.65
Fe 1 3.04658918812 1.47
Ni 3 3.04627825806 0.54
Gd 2 3.04608976974 1.68
Fe 1 3.04571669605 1.39
Zr 2 3.04547799609 1.46
Co 2 3.04514111651 0.67
Fe 1 3.04498899202 1.38
Ti 1 3.04454886419 1.66
Cu 2 3.04441916926 1.52
Fe 1 3.04369060561 1.82
Fe 1 3.04348154176 1.42
Ni 1 3.0432652952 1.17
Fe 1 3.04271819242 1.09
S 1 3.04248262757 -0.0
Ce 2 3.04203451213 1.2
C 2 3.04185191816 1.2
Sc 1 3.04164531033 0.66
Fe 1 3.04134079807 1.51
Fe 2 3.04120299973 0.57
La 2 3.0408039344 0.99
Mn 1 3.0400429673 0.75
Fe 1 3.03970802827 1.39
Mn 1 3.03940900692 0.95
V 2 3.03927239905 1.18
Fe 1 3.03894911712 1.88
Fe 1 3.03867155249 1.5
Fe 1 3.0381751738 1.8
Fe 1 3.03789185822 1.43
Fe 1 3.03725850888 1.29
Ni 1 3.03701642674 0.79
Ca 1 3.03664096318 1.12
Ce 2 3.03643114734 1.12
Fe 3 3.03614129074 0.57
Fe 1 3.03548343642 1.22
Fe 1 3.03510407293 0.96
Cr 1 3.0348921947 1.12
Fe 1 3.03437993806 1.46
Cr 2 3.03427121099 1.35
Fe 2 3.03413482993 2.09
Ti 3 3.03383807101 1.19
Fe 1 3.03355329917 1.52
Fe 2 3.03341965813 2.44
Mn 3 3.03317886871 1.38
Fe 1 3.03303642965 2.39
Mn 1 3.03246559523 1.02
Cr 2 3.03226830307 0.72
Co 2 3.03211982672 0.33
Fe 1 3.03197809287 1.24
Cr 1 3.03141320592 1.21
Fe 1 3.03134454526 1.46
Fe 1 3.03116166275 1.49
Fe 2 3.03098849863 1.22
Fe 1 3.03069223482 1.46
Fe 1 3.03024672196 1.86
Ca 1 3.02991341519 1.0
Co 1 3.02962964687 1.46
Ce 2 3.02942969829 1.09
Ho 3 3.02812473975 1.03
Ca 1 3.02774448712 1.01
Cu 1 3.02745296508 0.81
V 1 3.02734413658 0.97
V 2 3.02721831729 0.62
Cr 1 3.02711910631 1.94
Fe 4 3.02697547843 1.63
Ni 3 3.02687328096 0.8
Fe 1 3.02644905649 1.24
Cr 2 3.02616269268 0.76
Co 1 3.02574081464 0.2
Mo 1 3.02534968997 0.9
V 3 3.02508025689 1.19
Fe 1 3.0247066724 0.44
Ti 1 3.02462177296 1.18
C 2 3.02415769875 1.43
Tm 2 3.0240162827 0.67
Fe 1 3.02345774322 1.7
Fe 1 3.02319243898 0.26
Fe 1 3.02306968889 1.37
Fe 1 3.02275719854 1.32
Mo 1 3.022423013 -0.12
Yb 2 3.02226159371 1.32
Si 1 3.02183968606 1.5
Mn 1 3.02145210364 0.77
Fe 1 3.02134817895 1.63
Fe 1 3.02096287636 -0.31
Fe 2 3.02072458221 -0.37
Mn 1 3.02005309986 1.33
Fe 1 3.01939470305 1.21
S 1 3.01926979657 0.75
Cr 2 3.01889374766 1.17
Fe 1 3.01849265431 1.54
Fe 1 3.01802111559 1.71
Ni 2 3.01772730777 1.26
Ti 1 3.01744715903 1.99
Fe 1 3.01733733922 1.66
Cr 1 3.01704810037 0.78
Fe 1 3.01679692415 1.13
Ni 3 3.01662023024 0.97
Co 1 3.01625455117 0.87
Cr 2 3.01591976014 1.09
Mn 2 3.01565049374 0.98
V 1 3.01534049814 1.53
Fe 1 3.01511584024 1.26
Fe 2 3.01495014102 1.57
Ce 2 3.01477728399 1.13
Mn 2 3.01465763448 0.17
Gd 1 3.01448643442 2.24
Mn 1 3.01428587368 0.84
Fe 2 3.01398222294 1.0
Fe 1 3.013385042 1.36
Fe 1 3.01302605798 1.36
V 1 3.01285660774 1.58
Ni 1 3.01227361755 0.84
Ce 2 3.01189423295 1.34
Th 2 3.01172809677 1.59
Fe 1 3.0115520144 1.53
Fe 1 3.01089386009 2.32
Ni 3 3.0106692341 0.89
Cr 3 3.01038666938 2.19
Fe 1 3.0102106912 1.71
Ti 1 3.00976242982 1.26
Fe 1 3.00947524106 1.42
Fe 1 3.0093902515 1.66
Fe 1 3.009172214 0.96
Cr 1 3.00887762918 1.54
Co 1 3.00836138791 1.09
Ti 1 3.00812692039 0.49
Fe 1 3.00800855203 0.82
Ce 2 3.00788291986 1.46
Cr 1 3.00775373016 0.61
C 2 3.00748575354 1.73
Fe 2 3.00738278519 1.33
V 1 3.0069644684 0.59
Fe 2 3.00676344164 0.95
Cu 1 3.00658976639 1.14
Fe 1 3.00604868835 1.53
Fe 2 3.00583599027 1.38
Cr 1 3.00574367592 1.11
V 1 3.00521732292 2.34
Fe 1 3.0050336659 1.45
Ca 1 3.00481397402 1.23
Cr 1 3.0045738614 1.34
Ca 1 3.00432300408 1.25
Cr 2 3.00396573765 0.5
Ni 1 3.00378068933 1.17
Ti 1 3.00364081528 2.5
Cr 1 3.00342822206 0.72
Ni 3 3.00326300252 1.27
Ni 3 3.00295469224 1.4
Cr 1 3.00263376838 1.3
Fe 1 3.00242978664 1.27
Eu 2 3.00224331214 1.93
Fe 1 3.00202064007 1.2
Fe 1 3.00175825454 2.98
Fe 3 3.00156249537 -0.29
Co 2 3.00142207871 1.05
Mn 1 3.00122810188 1.23
Cr 1 3.0010545461 0.64
Ce 2 3.00074564398 1.11
Fe 1 3.00054272327 1.5
Fe 1 3.00020099495 1.08
Fe 1 3.00006947997 1.22
Fe 1 2.99993046596 1.08
Fe 1 2.99941600716 1.34
Fe 2 2.9992458293 0.42
Fe 1 2.99913648515 1.16
Cr 2 2.99899758733 1.16
Mn 1 2.99884127893 1.09
Fe 1 2.9986422564 1.19
Co 2 2.99847861012 1.05
Mn 1 2.99838523742 1.13
V 1 2.99820111088 1.37
Tm 2 2.99808275172 1.14
Ti 1 2.99786796025 1.08
Fe 1 2.99730304043 1.35
Fe 1 2.99695837385 1.13
Ti 1 2.99676097449 1.32
Fe 1 2.99666091132 1.52
Ce 2 2.99648272416 1.23
Fe 1 2.99562923223 1.79
Fe 1 2.99483539584 0.84
Tm 2 2.99461917075 1.06
Ti 1 2.99449034112 1.19
Mn 1 2.99401994986 0.97
Fe 1 2.99343841383 0.67
Fe 1 2.99312606716 -0.19
Cr 2 2.99299637251 1.5
Ti 1 2.99292441477 1.15
Co 2 2.99273964642 0.53
Sc 4 2.99261326391 1.27
Fe 2 2.9923035542 1.29
Ca 1 2.99198748182 0.99
Cr 1 2.991870108 1.29
Ce 2 2.99117383113 1.02
S 1 2.99102805158 0.9
Mn 3 2.99062107941 1.5
Dy 1 2.99041396323 0.95
Ti 1 2.98974114189 0.53
Fe 1 2.98948504888 1.72
Mn 2 2.98937835052 1.06
Fe 1 2.989247792 1.95
Cr 2 2.98883940197 0.37
Pr 2 2.98869742829 0.93
Cr 3 2.98844988558 2.01
Zr 2 2.98815161777 1.14
Fe 1 2.9880265622 1.46
Cu 2 2.98774124917 0.9
Mn 1 2.98738911167 1.48
Cr 1 2.98725880026 1.29
Cr 2 2.9868721379 1.02
Fe 1 2.98629932126 1.4
Fe 1 2.98616372802 1.9
Ni 2 2.98602213498 1.23
Cr 1 2.98558007325 0.88
Fe 3 2.98513416714 1.66
Cu 1 2.98477026685 1.08
Fe 1 2.98462293093 1.25
Fe 1 2.98433412914 1.45
Fe 2 2.98411317051 1.29
Fe 2 2.98331868947 0.44
Nd 2 2.98319982276 1.04
Fe 1 2.9830474276 0.63
Fe 1 2.98268503325 1.38
Ni 1 2.98239969838 1.05
Fe 1 2.98197872265 1.56
Fe 2 2.98154827516 0.21
Ni 1 2.98147030592 0.31
Fe 1 2.9812533504 1.46
Ca 1 2.98097427398 1.5
Ti 1 2.98064282451 1.01
Cr 1 2.98033210706 2.06
Fe 1 2.98013001371 1.21
Nd 2 2.9799889844 1.26
Fe 1 2.97983317152 1.51
Ce 2 2.97961240697 1.57
Co 2 2.97930729732 1.59
Ce 2 2.97910133361 1.26
Fe 2 2.97905036376 1.69
Th 2 2.97777717966 1.35
Ni 1 2.97706498914 1.25
Fe 1 2.97697077446 0.77
C 1 2.97672769824 0.94
Fe 1 2.97653299272 1.19
Cu 1 2.97639491521 0.9
Co 2 2.97608737587 1.28
Ca 1 2.97588250994 1.23
Co 2 2.97540603007 1.65
Co 1 2.9751854248 1.41
Fe 1 2.97470315724 0.82
Fe 1 2.97422790682 1.14
Fe 1 2.97399439012 0.94
Fe 1 2.97373992194 0.53
Ce 2 2.97340773527 1.43
Ce 2 2.97311943785 1.14
Cr 2 2.97279577363 2.26
Fe 2 2.97258841861 1.12
Ce 2 2.97250221219 1.1
Fe 3 2.97203355364 1.1
Ti 2 2.97188499486 0.88
Fe 3 2.97174414221 0.61
Fe 1 2.97145863489 2.21
Cr 1 2.9712915854 0.3
Fe 1 2.97113065006 1.54
Fe 2 2.97087428622 1.0
O 4 2.97075405938 2.19
Fe 1 2.97044101412 1.24
S 1 2.97014186033 1.5
Cr 1 2.96974836849 0.91
Fe 1 2.96922717237 1.15
Fe 1 2.96903703375 1.47
Ce 2 2.96856443917 2.32
Fe 1 2.96835061637 2.34
Fe 1 2.96820708206 1.05
Mn 3 2.96802110546 2.1
Sc 1 2.96784757811 1.18
Ca 1 2.96751603955 0.95
C 2 2.9672572412 2.0
Fe 2 2.96693797596 0.92
Fe 2 2.96657310012 1.16
Zr 2 2.96626469656 1.11
Cr 1 2.96584726854 0.86
Fe 2 2.96528848749 1.19
Cr 1 2.96502395679 0.53
Fe 2 2.96488226341 0.95
Fe 2 2.96473607616 0.97
Fe 1 2.96443978841 1.38
Fe 1 2.96417660251 1.48
Fe 1 2.96399762262 1.3
Ni 3 2.96386024013 1.08
V 2 2.96368737891 1.04
Fe 2 2.96340387649 0.61
Fe 2 2.96329686306 0.98
Ti 2 2.96307706113 1.0
Mn 1 2.96296822036 1.86
Ce 3 2.96265761371 1.18
Ni 3 2.96233046181 1.07
Fe 2 2.96212135475 0.9
Cr 2 2.96179002587 0.19
Cr 1 2.96163145875 1.15
Ce 2 2.96144179226 1.09
Fe 1 2.96113963708 1.48
Sc 1 2.96074368572 1.07
V 2 2.96060190767 1.27
Fe 1 2.95994440663 1.15
Fe 2 2.9597746769 1.17
Th 1 2.95936111052 1.0
Mn 1 2.9590575012 1.06
Si 1 2.95888792755 1.5
Ti 2 2.95876929305 0.52
Co 1 2.95854983537 1.41
V 2 2.95842028129 0.89
Mn 1 2.95812768097 0.88
Mo 1 2.95803844381 1.07
Fe 1 2.95786573386 1.6
Ti 1 2.95647725988 1.14
Mn 1 2.95635274068 1.86
Fe 1 2.95588257058 1.1
Cr 3 2.95553210965 1.21
Fe 1 2.95528627347 1.38
Cr 1 2.95509397109 -0.25
Fe 1 2.95466966327 1.27
S 1 2.95443651888 0.72
Fe 1 2.95434674539 1.34
Cr 2 2.95405155426 1.86
Fe 3 2.95386186718 1.69
Fe 3 2.95365236581 2.11
Ca 1 2.95335539004 1.24
Co 2 2.9532059626 1.27
Co 1 2.95296652727 1.23
Nd 2 2.95263718057 0.85
Fe 1 2.95202460756 1.92
Fe 1 2.95168142028 1.39
Ti 1 2.95148065163 1.47
Fe 1 2.95135438981 2.17
Cu 2 2.95079290949 0.57
Mn 1 2.95057391439 2.42
Fe 2 2.95036081342 1.01
Fe 1 2.95006849316 0.97
Fe 2 2.94994441073 2.3
V 3 2.94980625542 0.3
Ca 1 2.94949627528 1.5
Fe 2 2.94921527078 0.47
Cr 1 2.94905180357 1.51
Ce 2 2.94867510278 1.66
Ti 1 2.94844649338 1.86
Ca 1 2.9482177014 1.38
Fe 2 2.94811847376 1.53
Y 2 2.94731214436 1.05
Ti 1 2.94717678553 1.78
Fe 1 2.9469998155 1.3
Co 1 2.94680954391 3.27
Ni 2 2.94652034696 1.34
Ni 2 2.94597061886 1.55
Zr 2 2.94570595274 0.86
V 2 2.94543069752 0.44
Ce 3 2.94474257186 0.88
Mn 1 2.9445524042 2.02
Ce 2 2.94405718925 0.73
Cr 1 2.94366935856 0.3
Fe 2 2.94299606399 1.52
Fe 2 2.94278548804 1.24
Yb 3 2.94244398527 1.58
Fe 2 2.94185284042 1.07
Ni 3 2.94160746622 0.5
Ti 3 2.94113469999 1.01
Fe 1 2.94082377172 1.48
Fe 2 2.94067050694 0.97
Fe 2 2.94056848646 0.7
Ti 1 2.93993296672 1.03
Fe 1 2.9397170185 1.44
Tm 2 2.93925201649 1.76
Cr 1 2.93856754683 0.88
W 1 2.93844698305 1.76
Fe 1 2.93797784907 1.02
Fe 1 2.93777741437 1.47
Fe 1 2.93695537322 0.51
Fe 1 2.93647201978 1.75
Ce 2 2.93620644439 0.94
Cr 1 2.93611685406 1.21
Fe 1 2.93576583946 0.97
Fe 1 2.93541742669 1.55
V 2 2.93510862319 2.23
Cr 1 2.93488131909 1.07
Cr 2 2.93463711546 1.02
Fe 2 2.93437645964 1.19
Fe 1 2.93421998991 1.58
V 1 2.93403793049 1.38
Fe 1 2.93387068735 1.81
Cr 3 2.93353546491 1.35
Ru 1 2.93333281617 2.1
Fe 1 2.9328542133 0.26
Ce 2 2.93263106852 1.5
Cu 2 2.93250009068 0.68
Ce 2 2.9322541264 1.15
Fe 1 2.93195895078 1.46
Fe 1 2.93140974687 1.06
Ni 3 2.93122517739 2.33
P 2 2.93090539505 1.02
Fe 1 2.93067808547 1.81
Ti 1 2.93036358089 0.56
V 1 2.92994632599 1.8
Fe 1 2.92971620839 0.99
Fe 2 2.92939608936 1.27
Fe 1 2.92917970981 2.75
Ni 1 2.92886889205 0.84
Fe 1 2.9285722822 1.51
V 1 2.92830079014 1.03
Cr 1 2.92814932162 2.06
Ce 2 2.92792470654 1.12
Cu 1 2.9275067129 1.63
Mn 1 2.927409312 1.22
V 1 2.92708413122 0.47
Ta 2 2.92695397728 1.7
Ce 2 2.92669538982 1.18
V 2 2.92636043809 1.0
Ca 1 2.92609717739 1.07
Fe 1 2.92576100313 2.02
Fe 1 2.92551798969 1.99
V 1 2.92526690832 1.25
Fe 3 2.92510078227 1.92
Fe 1 2.92497705715 1.22
C 2 2.92490432733 2.67
Mn 3 2.92459385119 2.21
V 1 2.92433433211 0.01
Ce 2 2.92421834322 1.42
Ni 3 2.92387956588 1.31
Cr 1 2.92366894576 1.32
Fe 1 2.92338535288 1.03
Ti 2 2.92250535094 0.8
Cr 2 2.92228025019 0.99
Cr 2 2.92182684485 1.05
Fe 2 2.92172083918 1.42
Fe 1 2.92152690047 1.18
Co 1 2.92138939506 0.89
Cr 1 2.92085122459 1.1
C 2 2.92050529704 1.2
Fe 1 2.91997762519 1.16
Cr 2 2.91904735261 1.39
Cr 2 2.91848482303 1.2
Si 2 2.91836487384 0.5
Ti 1 2.9178856955 1.18
Fe 2 2.91718982142 1.57
Fe 2 2.91672877902 1.02
Gd 2 2.91608361724 1.64
Cr 1 2.91586025003 -0.13
Fe 2 2.9156992848 1.62
Fe 2 2.9154571028 3.05
Fe 1 2.9148650336 1.45
Mn 3 2.91459871341 1.55
Ca 1 2.9142994442 1.43
Ni 3 2.9138679659 1.32
V 3 2.91349759164 1.42
Fe 1 2.91327869956 1.04
Ti 1 2.91312106919 1.43
Mn 1 2.9130384437 0.69
Ca 1 2.91290586012 1.52
Co 2 2.9127513583 1.4
Fe 1 2.91261184978 1.33
Mn 1 2.91203034188 1.33
Co 1 2.91168533663 2.28
Fe 1 2.9115768547 2.32
Fe 1 2.91136838949 1.66
Fe 1 2.91113999617 1.51
Fe 3 2.91090531564 1.24
Gd 1 2.91034984835 1.22
Fe 1 2.91009916977 1.59
Ca 1 2.90989328866 0.11
Ni 3 2.9095234946 1.33
Cr 2 2.90908901165 0.85
Fe 1 2.90883357582 0.93
Cr 1 2.90828460675 1.06
Cr 2 2.90754852843 1.63
Fe 1 2.90719214082 0.76
Fe 1 2.90683592916 0.97
Mn 1 2.90638846969 1.47
Ti 1 2.90619406236 1.41
Mn 1 2.90568229999 2.07
Fe 1 2.90538833937 1.26
Ca 1 2.90510185512 1.06
V 3 2.9044643756 1.1
Cu 1 2.90409488183 0.87
V 1 2.90378439924 1.42
Fe 2 2.90349676047 0.49
Fe 2 2.90344543203 -0.98
Sc 1 2.90282074803 1.05
Fe 1 2.9024102544 0.28
Pr 2 2.90205822884 1.74
Ca 1 2.90188675589 1.54
Th 1 2.90165633074 1.56
Fe 2 2.9013549152 2.16
Mn 3 2.90125821271 1.12
Cr 2 2.90107376569 1.11
Fe 3 2.9009622095 -0.5
Co 1 2.90048314139 2.66
Fe 2 2.90034815723 1.18
Cr 2 2.8998361007 0.92
Ti 1 2.89975356789 0.37
Fe 2 2.89954187466 1.27
Fe 2 2.89924247719 1.11
Fe 1 2.89908046108 1.2
Fe 2 2.8988677654 1.03
Cr 2 2.89856825367 1.44
Ho 3 2.89842790916 0.79
Ca 3 2.89803426124 1.01
Ru 1 2.89771197047 1.38
Ta 1 2.89746520371 1.55
Fe 1 2.8971740142 0.87
Fe 1 2.89692402506 2.44
Ti 1 2.89647947299 2.88
Mn 1 2.89608959177 1.48
Ti 1 2.89589846174 2.25
Fe 2 2.8951991984 1.52
Co 2 2.89498538596 0.88
Ca 1 2.89479244701 1.5
Mn 2 2.89397446868 1.31
Ca 1 2.89384749038 1.22
Cr 2 2.89365933731 1.24
Mn 2 2.89344532818 3.19
Fe 1 2.89314871004 1.17
Gd 1 2.89290422035 1.74
Mn 1 2.8927530654 1.07
Tm 2 2.89245629158 1.08
Fe 3 2.89209680523 1.01
Ti 1 2.89182164103 1.42
Fe 2 2.89144371332 0.47
Ti 1 2.89132218182 1.69
V 2 2.89070400384 1.34
Ca 1 2.89050284572 1.5
Cr 1 2.89025950439 1.67
Ni 3 2.89013837626 0.76
Si 2 2.88992444235 1.04
Fe 1 2.8898232041 1.82
Ce 2 2.88946703451 0.46
V 1 2.88908468359 1.27
Ce 2 2.88881257795 1.06
Ni 1 2.8886567111 2.07
Fe 1 2.88853384443 1.41
Cr 1 2.88769252743 1.69
Yb 2 2.88751411651 1.53
V 1 2.88730341713 1.08
Hf 1 2.88685992985 0.74
Ti 1 2.88620112612 0.69
Ni 1 2.88611922719 1.13
Si 1 2.88597803601 1.35
Cr 2 2.88564208267 1.12
Ni 5 2.8853768773 0.96
Fe 2 2.88501434443 1.75
Cr 1 2.88486983325 0.93
Cr 3 2.88468193229 0.96
Ca 1 2.88457201973 1.39
Fe 2 2.88424140972 1.67
Ca 1 2.88402887788 1.5
S 1 2.88386605557 0.91
Fe 1 2.88370667294 1.17
C 1 2.88359313867 0.5
Th 1 2.88347013638 0.92
Ti 2 2.88332102107 1.21
S 1 2.88297142247 1.5
V 3 2.88281348131 1.16
Cu 1 2.88262275713 1.06
V 1 2.88251591661 1.21
Ti 2 2.88206872936 0.84
Cr 2 2.8818684363 1.5
Ca 1 2.88165187113 1.5
Fe 2 2.8812381224 1.44
Ni 3 2.88094336503 1.41
Mo 1 2.88029545073 0.78
Fe 2 2.88010872389 0.69
Cr 1 2.87971193006 2.16
Sc 2 2.87952661172 0.91
Ni 3 2.87939455137 1.5
Tm 2 2.87891949254 1.56
Cr 3 2.87887115575 -0.74
Cr 2 2.87845835277 1.35
Co 2 2.87806116772 1.51
Fe 2 2.87729387946 -0.59
Ti 3 2.87706637383 1.47
Cr 1 2.87689404377 0.96
Ni 2 2.87658249293 0.76
Fe 2 2.87638899415 1.6
Co 3 2.87632583713 1.41
V 3 2.87525410224 1.02
Cu 1 2.87513068555 1.5
Fe 1 2.87494999555 2.31
V 2 2.87474718529 2.2
Sc 2 2.87393827214 1.14
Ni 3 2.87380635549 1.34
Nd 2 2.87365896398 2.19
Ti 1 2.8734646709 1.37
Mn 3 2.87332447207 1.59
Ti 2 2.87213532189 0.67
Yb 2 2.87202370883 0.78
Ce 2 2.87178330916 1.26
Y 1 2.8710953594 1.49
Cr 2 2.87089688442 0.32
Fe 1 2.87037252763 1.1
Cr 1 2.87024899342 2.01
Fe 1 2.86975887127 1.43
Sc 2 2.86950977663 1.0
Ti 2 2.86937358192 2.18
Ni 2 2.86881412814 1.22
Cr 2 2.86834215304 1.32
Cr 1 2.8677863218 1.36
Cr 1 2.86693791779 1.25
Sc 2 2.86668710145 0.74
Ni 1 2.86644788059 1.22
Cr 2 2.86625969534 2.08
Ni 3 2.86617651505 1.68
Ce 2 2.86607372181 0.68
Fe 1 2.86552335558 0.91
Fe 1 2.86542209855 0.37
Gd 1 2.86529143864 2.2
Cr 2 2.86484454112 2.32
V 3 2.86474939194 1.44
Mn 3 2.86402170469 1.0
Co 2 2.86336877496 1.32
Ti 2 2.86321528124 1.35
Pr 2 2.86309599603 0.58
W 1 2.86274269215 1.03
Ni 1 2.8622906468 1.08
Cu 2 2.86167239329 0.97
Cr 2 2.8611429623 0.0
Cr 2 2.8608897578 1.52
Fe 2 2.85946136638 1.43
Fe 3 2.85899391052 1.1
Co 2 2.85884198632 1.35
Fe 1 2.85872116624 0.99
Cr 1 2.8583869162 0.75
Fe 1 2.85814819698 1.21
Sc 1 2.85791997096 1.39
Ti 3 2.85764353566 1.67
Si 2 2.85735933926 0.9
Cr 2 2.85713921055 1.23
Ni 2 2.85696480375 1.65
Ni 3 2.8566720357 2.05
Ti 1 2.85646334989 1.56
Cr 2 2.85612233692 0.13
Fe 1 2.85595584729 1.91
Ni 3 2.85587996724 0.99
Ti 3 2.85464966891 0.5
Fe 1 2.854346662 1.07
Fe 2 2.8541720723 1.25
Ce 2 2.8539583114 1.36
Cr 1 2.85381374421 1.11
Fe 1 2.85356594788 1.21
Fe 1 2.85246775518 0.86
Ti 1 2.85229024362 0.88
Sm 2 2.85202161163 1.8
Fe 2 2.85162123309 1.31
Cr 2 2.85154997139 1.04
Ce 2 2.85130641514 1.85
Tm 3 2.85090140474 1.0
Co 1 2.8503515024 1.18
Cu 1 2.85010191687 0.65
Sm 1 2.84967156684 1.23
Cr 1 2.84952477206 0.75
Fe 1 2.8491955512 0.88
Ti 1 2.84904226909 0.77
Fe 3 2.84841685035 1.19
Mn 2 2.84794776678 0.99
Ni 2 2.84767897492 1.45
Cr 1 2.84763269786 1.31
Cr 2 2.84742500624 0.93
Sc 2 2.84720076938 1.46
Mn 4 2.84688009296 1.01
Ce 2 2.84633226934 1.11
Ni 2 2.84589429822 0.86
Ca 1 2.84581192734 1.17
Fe 2 2.84487081117 1.43
Cu 2 2.84464452499 1.17
Y 2 2.84450751392 0.99
Ti 3 2.84439613493 0.29
V 1 2.84392480893 1.23
Ce 2 2.84368543431 0.5
Sc 1 2.84336612435 1.52
Ta 1 2.84315799578 1.07
Mn 2 2.84284803232 0.0
Ce 2 2.84230901403 1.05
Ca 1 2.84165343881 0.84
V 2 2.84153229255 0.18
Fe 2 2.84007542695 -0.41
Ni 2 2.83983106366 1.15
Tm 2 2.83933206471 1.09
Fe 2 2.83872228391 1.22
V 3 2.83852645664 1.16
Ce 2 2.8383853135 1.04
Cu 1 2.83827679734 1.37
Nd 2 2.83805709517 0.74
V 2 2.83755047962 0.74
Gd 2 2.83731220409 1.26
Ca 1 2.83713435535 1.71
Fe 3 2.83650998697 0.93
Fe 2 2.83633291749 1.22
Fe 1 2.83564820922 0.58
Fe 2 2.8353317993 1.12
Fe 1 2.83523103994 1.11
Cr 2 2.83505339625 1.22
Cu 2 2.8348523715 0.02
Fe 2 2.83445367536 2.07
Sc 2 2.83427014429 1.24
Y 2 2.83396681002 0.96
V 1 2.8337169301 2.27
Ni 3 2.83331576586 1.21
Ce 2 2.83277362666 0.35
Cr 1 2.83227975084 1.29
Fe 1 2.83211928002 1.07
Mn 2 2.83118519473 1.97
Cr 1 2.8308364987 0.41
Fe 2 2.83064887316 0.94
V 3 2.83043446953 1.03
Cr 1 2.82997659666 1.54
Er 1 2.82928862043 1.22
Fe 1 2.82890998907 1.76
Ce 2 2.82839467556 1.11
Fe 2 2.82790551421 0.67
Ni 1 2.82776281973 0.84
Mn 1 2.82764581496 1.47
Cr 1 2.82747265984 1.42
Fe 2 2.82721790428 1.33
Ru 1 2.82704607338 0.5
Ti 2 2.82626963564 0.93
Ce 2 2.82585961428 1.44
Fe 1 2.82559689959 1.68
Mn 3 2.82526617513 1.31
V 1 2.82505601577 3.2
Fe 1 2.82472565925 1.5
V 1 2.82425327691 1.01
Cr 1 2.8240462638 2.5
Ce 2 2.82393229288 1.2
Ce 2 2.82361433146 1.24
Ni 2 2.8231086308 1.0
Fe 1 2.82276195856 1.16
Fe 1 2.82258024748 1.17
Fe 1 2.82230502706 0.83
Ni 2 2.82212956213 0.29
Ti 2 2.82163161275 1.34
Ti 2 2.82100668875 1.07
Fe 2 2.82087043438 0.98
Cr 2 2.82071133719 0.35
Ca 3 2.82048825747 1.42
Os 1 2.81957728953 1.87
Fe 2 2.81909042436 0.81
Fe 2 2.81900299147 1.38
Ti 3 2.81891651254 1.08
Ni 1 2.81870961329 1.01
Co 1 2.81831869516 1.09
Ni 1 2.81807421237 1.0
Ce 3 2.81797030582 1.07
Cu 2 2.81756941192 1.08
Mn 3 2.81745306413 0.97
Ni 1 2.81727314786 1.22
V 1 2.81716947383 0.81
Fe 1 2.81699521138 1.57
Ni 2 2.81684034857 0.95
Mn 1 2.81578970674 1.48
Ti 2 2.81566402688 1.61
Cr 2 2.81528007774 2.38
Ti 1 2.81508280919 1.34
Fe 1 2.81477808938 1.08
V 1 2.81461940326 1.62
Fe 1 2.81437858551 0.52
V 1 2.81415795625 1.1
Cu 1 2.81390147953 1.14
Cu 2 2.8135720377 1.11
Fe 1 2.81334845851 2.32
S 1 2.81290573677 0.83
Mn 1 2.81257912291 1.64
Ni 2 2.81242599694 1.17
S 1 2.81231597741 0.12
Ti 1 2.81199014272 2.16
Ti 2 2.81192041114 1.48
Cu 1 2.81173908247 1.3
Cr 1 2.81124550536 1.68
Ni 1 2.81109957759 0.82
Cr 1 2.81074186166 1.26
Ti 2 2.81020523869 1.3
Cr 1 2.80999973781 1.89
Fe 2 2.80927282734 2.22
Cu 2 2.80914062421 1.33
Ca 1 2.80898534143 0.75
Fe 2 2.80874423963 1.2
Th 1 2.80857637867 0.79
Ti 1 2.80831201606 1.5
Fe 1 2.80816498831 1.1
Mn 1 2.80789557514 -0.55
Fe 1 2.80775418897 2.6
V 1 2.80731409877 1.37
Ce 2 2.80708905789 1.19
V 1 2.80679528526 1.84
Ti 2 2.80652295839 0.79
Fe 2 2.8061217848 1.24
Ce 2 2.80584877835 1.19
Fe 1 2.80565037159 1.78
Mn 1 2.80489071159 0.46
Sc 2 2.80464879774 1.5
Ce 2 2.80423251519 1.44
V 1 2.80407666218 2.14
Ti 1 2.80396187373 1.02
Cu 2 2.80383410755 1.28
Fe 1 2.8034461012 1.02
Fe 1 2.80319456083 1.0
Fe 1 2.80308058731 1.19
Fe 1 2.80263441171 1.82
Cr 1 2.80248878678 1.11
Cr 1 2.80235842484 1.26
Er 1 2.80216969573 1.2
Ca 1 2.8016229055 0.5
Ni 2 2.80124889416 1.8
Cr 2 2.80056918917 1.21
Fe 1 2.8004380114 1.48
Fe 2 2.80006978759 2.13
C 2 2.79966116219 0.8
Ce 2 2.79920602525 1.3
Cr 1 2.798782487 1.03
Ni 2 2.79871290224 1.24
Fe 1 2.79861798012 1.43
Fe 1 2.79834893284 2.5
Fe 2 2.7980855694 0.02
Sc 2 2.79788746785 1.5
Ca 1 2.79757820996 1.57
Cr 2 2.79738029638 1.3
Fe 1 2.79711529784 1.07
Ce 2 2.79670271139 0.78
Fe 1 2.79660229878 0.26
Fe 1 2.79635203228 1.47
Ce 2 2.79621034251 1.47
Cr 1 2.79594516205 0.75
Ca 1 2.79576766184 1.07
Fe 4 2.79560875057 1.77
Fe 1 2.79549346622 1.48
Tm 2 2.79537682939 1.22
Ca 1 2.7951571943 1.0
Y 1 2.79486599178 1.86
Mn 1 2.79473705241 1.49
Mn 3 2.79458046605 0.67
Fe 1 2.79435971727 1.85
Ni 1 2.79396761175 1.27
V 1 2.79380058058 1.63
Fe 1 2.79348044309 2.49
Cu 2 2.79266445695 0.51
Fe 1 2.79250769204 1.75
Fe 1 2.79213816771 1.79
Fe 1 2.79192110208 0.99
Fe 1 2.79180533209 1.24
Fe 2 2.79163689742 2.15
Fe 1 2.79146172178 1.22
Cu 2 2.79135836824 0.99
Fe 1 2.7909602269 1.66
Fe 1 2.79065427977 0.99
Cu 2 2.79055059911 1.86
Fe 1 2.79042638842 1.12
V 1 2.7900446115 1.95
Cr 1 2.78978723491 0.98
Cu 2 2.78957164244 0.65
Fe 1 2.78899950778 1.5
Nd 2 2.78842233807 1.62
Fe 2 2.78813699561 1.1
Yb 2 2.78795903346 1.62
Fe 1 2.78758447703 2.0
Ti 1 2.78669692761 1.21
V 2 2.78649373628 0.94
Si 1 2.78619690395 1.17
Ni 1 2.78610514352 0.88
Ni 4 2.78596246632 0.36
V 3 2.78585874213 1.32
Ti 1 2.78560215286 1.06
Mn 1 2.78516845657 1.43
V 1 2.78490883794 1.05
Fe 1 2.78452468692 1.41
Mn 1 2.78428338198 1.5
Fe 1 2.78408577263 0.63
Ti 1 2.78384398746 0.75
Ni 3 2.78341732831 0.95
Ca 1 2.78317391238 1.16
Cr 1 2.78302545632 1.12
Tm 2 2.78283927406 1.53
Ti 1 2.78248774532 0.02
Fe 1 2.78220069238 1.18
Co 1 2.78202404965 2.07
Mn 1 2.78175985534 1.96
Cu 1 2.78145973134 1.28
Ce 2 2.78130619529 1.18
Fe 1 2.78111099396 1.29
Mn 1 2.78100485547 1.21
Co 1 2.78083275672 1.71
Fe 2 2.78047756624 1.2
Fe 1 2.78031845431 1.4
V 1 2.78006922917 1.25
V 1 2.77972816811 1.36
Cr 1 2.77943073539 1.51
Cr 1 2.77923425469 2.41
Cr 1 2.77904543736 0.31
Co 2 2.77888155019 1.5
Fe 1 2.77866887482 1.44
Fe 1 2.77854599296 1.45
Ni 1 2.77838964103 0.68
Cr 2 2.77822220428 0.67
Nd 2 2.77805875841 1.19
Fe 1 2.77796256378 1.47
Fe 1 2.77779371971 1.27
Ni 2 2.7777188003 0.56
Ti 2 2.77714403157 0.49
Fe 1 2.77699246933 0.76
Cr 1 2.77686069653 0.8
Fe 3 2.77671930597 1.51
Cr 1 2.77658385498 0.99
Ti 1 2.77630028484 1.5
Fe 2 2.77592933288 1.44
Ce 2 2.77583239385 1.04
S 1 2.77560197502 1.25
Ti 2 2.77462969091 0.34
Ti 2 2.77421983729 1.28
Fe 1 2.7740831615 1.49
Co 1 2.77396928998 1.46
V 1 2.77388194814 1.0
Mn 1 2.77361571342 1.2
Mn 3 2.77339624917 1.06
Ti 2 2.77316750058 1.33
Fe 2 2.77292394219 0.5
Fe 1 2.77213536264 1.27
Fe 2 2.77188568186 1.45
Ti 1 2.7713466622 1.43
V 1 2.77073050972 1.13
Fe 2 2.76994734617 1.24
Fe 1 2.76872731262 2.08
Fe 2 2.76788765397 1.31
Fe 1 2.76774054611 1.11
Fe 1 2.76752369521 0.29
Fe 2 2.76741664671 0.4
Ti 1 2.7671410235 1.82
Fe 1 2.7669959445 1.19
Sc 1 2.76680379811 0.9
Fe 2 2.76671271357 1.16
Fe 1 2.76650805856 1.64
Cr 2 2.76614856094 1.32
Fe 1 2.76581451426 1.15
Cr 1 2.76573689511 1.71
Ni 2 2.76516880734 1.88
Fe 1 2.76509550473 1.19
Fe 1 2.76490010888 1.23
Fe 1 2.7639997388 2.46
Fe 1 2.76381937288 2.74
Tm 2 2.76323388041 1.03
Fe 2 2.76289146077 1.84
Ce 2 2.76249615826 0.98
Ti 2 2.76237282241 1.07
Fe 1 2.76201294529 1.48
Ce 3 2.76185509238 1.36
Cr 2 2.76166069431 1.41
Fe 4 2.7614985608 0.95
Fe 1 2.76128866073 1.28
Mn 2 2.76121271036 2.13
V 1 2.76100486491 2.04
Fe 2 2.7608604661 2.55
Fe 2 2.76047671715 0.42
Cr 1 2.76032160304 1.98
Cr 1 2.76020362238 1.43
Cr 1 2.759923114 1.24
Fe 1 2.75969459037 0.64
V 1 2.75926406828 0.35
Ti 2 2.75917415431 1.2
Ni 3 2.75885796465 2.61
Fe 1 2.75853533433 1.19
Cr 2 2.75809997394 1.31
Cr 2 2.75801455988 1.11
Ce 2 2.75791831833 2.09
Fe 1 2.75768294644 1.4
Cu 1 2.75755843127 0.68
Y 2 2.75712975011 0.97
Cr 2 2.75663143136 0.43
Fe 2 2.75652526242 1.33
Ni 2 2.75608533596 1.01
Cr 1 2.75598306855 1.2
Cr 2 2.75588120568 2.28
Fe 1 2.75573322504 1.2
Pr 3 2.75501949455 1.01
Cr 1 2.75452820539 1.5
Ti 2 2.75442440498 0.91
Mn 2 2.75411285126 0.37
Mn 1 2.75384884343 1.5
Fe 1 2.75361701733 1.56
Yb 2 2.75225358398 1.46
K 2 2.75199558153 0.87
Ba 1 2.7515857814 1.49
Co 5 2.7510721116 2.27
Tm 2 2.7501410479 0.84
V 1 2.7495339382 0.79
Fe 2 2.74859080596 1.52
Co 1 2.74843990835 0.07
Cr 1 2.74794218947 1.09
Ca 1 2.74771129036 1.16
Ti 1 2.74742816703 1.5
Ni 1 2.74727188422 0.86
Fe 3 2.74683400305 1.2
Fe 1 2.74654531206 1.17
Cr 1 2.74637280575 1.3
Fe 1 2.74594966339 1.5
Fe 1 2.74584251988 2.29
Co 1 2.74527376542 1.2
Fe 1 2.74517020788 0.73
Fe 1 2.74451188515 1.53
Cr 1 2.74421046454 1.21
Fe 1 2.74402312933 1.13
Fe 2 2.74387229925 0.06
Fe 1 2.74301947326 0.93
Fe 1 2.74287748352 1.53
Ni 1 2.74220967021 0.96
Ti 2 2.74177509275 0.41
Cr 2 2.74157123981 1.75
Fe 2 2.74142112042 0.92
Ti 1 2.7413177309 1.49
Cr 2 2.74095052268 1.12
Cr 2 2.74075776266 1.06
Fe 1 2.74063322273 1.15
Fe 2 2.74017256993 2.23
Fe 2 2.74001946639 0.02
Fe 1 2.73989659686 1.36
Mo 1 2.73945651405 1.05
Cr 1 2.73931621353 1.11
Sc 1 2.73911192727 0.55
Er 2 2.73881702163 1.09
S 1 2.73857743056 1.15
Fe 2 2.73850373695 0.95
Fe 2 2.73829739344 1.74
Fe 1 2.73779290687 1.22
Fe 2 2.73769492915 1.7
Cr 1 2.73725351491 1.35
Cr 1 2.73705351924 1.58
V 2 2.73652085348 0.4
Ce 2 2.73638263326 1.06
Fe 1 2.73626182643 1.3
Fe 1 2.73597664172 1.4
Ti 1 2.73499940745 1.41
Cr 1 2.73456372074 1.43
Fe 2 2.73444587091 1.57
Ti 1 2.73407393615 1.35
Cr 1 2.73385874353 1.36
Mn 2 2.73359212228 -1.02
Fe 1 2.73338240304 -0.24
Fe 1 2.73304384953 0.39
Fe 1 2.73232830703 1.03
Fe 2 2.73166736423 1.39
Fe 2 2.73106717341 1.36
Ti 1 2.7306328203 1.62
Cr 1 2.73050712538 1.22
Tm 2 2.73028867774 0.6
Fe 1 2.73014066789 1.4
Fe 2 2.73001672005 0.77
Fe 1 2.72976471715 1.23
Sc 1 2.72958729392 1.03
Fe 1 2.72947033471 1.03
Cr 3 2.72932128343 1.49
Ti 2 2.72851634837 1.4
Sc 1 2.72812489078 1.04
Fe 2 2.72784313527 1.21
Fe 2 2.72771772704 -0.07
Cr 1 2.72735242581 1.92
Fe 1 2.72691462505 0.62
Fe 1 2.72672595633 1.04
Ni 1 2.72658816375 1.08
Fe 1 2.72621577073 1.01
V 2 2.72566548935 1.12
Fe 2 2.72537685129 1.11
Ti 2 2.7251540365 1.04
Ti 2 2.72504342407 0.58
Ni 1 2.72418919753 1.17
Fe 1 2.7239385709 1.43
Ti 2 2.72355361274 0.71
Ca 1 2.72344656585 1.87
Ni 1 2.72303334371 1.43
Ti 1 2.72251375047 1.24
Cu 1 2.72226085109 1.05
V 1 2.72203945147 1.06
Fe 2 2.72193730235 -0.42
Cr 2 2.72164453813 1.5
Fe 2 2.72140262868 1.25
Nd 2 2.72126084922 0.9
Cr 1 2.72078395831 1.35
Cr 2 2.71975783448 1.16
Ni 1 2.71899427914 1.59
Fe 1 2.71889865171 0.61
Ce 2 2.7187890628 1.1
Mn 1 2.71852530889 1.73
Fe 1 2.71810772879 2.42
Cr 2 2.71754403905 0.14
Ti 1 2.71738241051 1.17
Ti 2 2.71670956271 0.99
V 1 2.71621812612 0.93
Fe 1 2.71577403776 1.29
Fe 2 2.71566611269 0.04
Fe 1 2.71558217769 2.01
Ni 2 2.71506990565 1.17
Fe 1 2.71480288469 0.61
Fe 2 2.71399533451 0.89
Cr 2 2.7138261751 2.51
Fe 2 2.71372543561 1.3
Ni 3 2.71323330262 1.65
Cr 1 2.71235145509 1.44
V 2 2.71215042021 0.98
Cr 3 2.7120071122 0.64
Tm 1 2.71182875354 1.26
Ce 2 2.71165339672 1.07
Fe 1 2.71130486304 1.84
Fe 1 2.71050114861 1.9
Fe 1 2.7102019142 1.5
Fe 1 2.70957266341 1.15
Fe 2 2.7092468321 1.08
Fe 1 2.70913782628 0.98
Cr 2 2.70874854226 1.57
Fe 2 2.70793303737 0.97
Fe 1 2.70718309897 1.68
Cr 2 2.70704511532 1.2
Yb 2 2.70673335313 1.14
Ni 1 2.70623919896 0.56
Fe 2 2.70540512961 1.63
Ti 2 2.70506348175 0.22
Fe 2 2.70481651046 1.14
Er 2 2.70474343601 1.06
Fe 2 2.70428125709 0.61
Mn 2 2.70360760747 1.24
Ni 2 2.70332017087 1.26
Ni 2 2.70287039765 1.37
Fe 1 2.70252410088 0.66
Cr 2 2.70224032762 1.06
Cr 2 2.70212606235 -0.37
Ti 2 2.70121010232 1.12
Fe 2 2.70035727316 2.68
Cr 2 2.69997349103 1.45
Cr 2 2.69962694155 0.94
Sm 2 2.69910615092 1.45
Ce 2 2.69887846415 1.16
V 1 2.69875994682 1.03
Fe 2 2.69845581323 1.05
Ce 2 2.69810171783 0.98
Ca 1 2.69802876739 1.5
Fe 1 2.69762492456 1.45
Ni 2 2.69741442701 1.79
Cu 2 2.6971216927 0.64
Er 1 2.6964108161 0.65
Fe 1 2.69604428616 1.51
Cr 1 2.69524642551 1.31
Ni 1 2.6950984563 0.45
Cr 1 2.69486738769 1.59
Co 2 2.69474696101 1.28
Fe 2 2.69451136513 2.63
Fe 1 2.69413503144 1.01
Cr 1 2.69358313416 0.75
Fe 1 2.69335160974 1.32
Fe 1 2.6930004149 1.1
Ni 1 2.69238807672 1.08
Fe 2 2.69216468443 1.51
Ni 1 2.69167136108 0.32
Fe 2 2.69101959002 0.63
Ti 1 2.69083479548 1.0
Zr 1 2.68988712922 0.9
Ni 1 2.68951340864 1.16
Fe 1 2.68871590393 1.89
Cr 1 2.68750732096 2.51
Co 2 2.68701322501 1.91
Fe 2 2.68589155679 1.05
Cr 2 2.68560221911 2.29
Dy 2 2.68522659773 1.18
Cr 2 2.68487651727 0.72
Ti 1 2.68434563006 2.07
Ni 2 2.68405218086 1.38
Cr 1 2.68391016687 1.4
Fe 2 2.68334024077 1.31
Nd 1 2.68252126001 1.06
Fe 3 2.68221394325 1.2
Ti 1 2.68204496386 0.25
Ti 1 2.68184408033 1.1
Fe 1 2.68071164526 1.37
Cr 2 2.68020017796 1.56
Mn 2 2.68005747116 2.73
Mn 1 2.67984930244 1.01
Si 1 2.67936063872 1.09
Ni 2 2.67927164638 1.02
Ce 2 2.67890688872 0.87
Ti 1 2.67822553823 1.05
Fe 1 2.67777333561 1.5
Fe 1 2.67739500777 1.22
Fe 1 2.67724474184 1.32
Fe 1 2.67698588903 1.31
Cr 1 2.67660787726 1.45
V 1 2.67616607756 0.0
Ni 3 2.67567067432 1.13
V 1 2.67548844016 1.04
Fe 2 2.67477336577 1.04
Ti 1 2.67460573453 0.98
Fe 1 2.67446690257 2.09
Ni 2 2.67419034029 1.26
Nd 1 2.67369797393 1.3
Ti 1 2.67350938441 1.21
Cr 1 2.67336217822 1.04
Fe 2 2.67321896752 1.71
Ni 1 2.67292296651 0.61
Nd 2 2.67243764038 1.51
Fe 1 2.67235954155 0.07
Ti 1 2.67226853644 1.56
Ti 1 2.67210614863 2.01
Fe 1 2.67007793474 1.84
Ti 1 2.66908855842 2.5
Cr 1 2.668526512 1.25
Fe 2 2.66817440029 1.62
Ca 1 2.66779742216 0.91
Sc 1 2.66740017759 1.3
Fe 2 2.6670985347 0.92
Fe 1 2.66695697296 1.94
Cr 1 2.66664816751 1.16
Fe 1 2.66643352356 0.65
Ni 3 2.66631642917 1.78
Mn 2 2.66558663853 1.48
Fe 1 2.66508570541 1.74
Fe 1 2.6643313771 -0.12
Ni 3 2.66373883253 2.49
Ti 2 2.66302167543 -0.14
Ti 1 2.66262298295 0.83
Fe 2 2.66232994114 1.67
Ti 2 2.662202822 0.59
Cr 1 2.66210461309 1.3
Ni 3 2.66198282904 1.31
Fe 2 2.66157749118 1.48
Mn 1 2.66125451789 1.94
Y 2 2.65972776237 0.9
Fe 2 2.65947701759 0.98
La 2 2.6591742866 0.81
Cr 2 2.65903249324 1.31
Cr 2 2.65878634163 0.0
Fe 4 2.65867743773 1.28
Fe 3 2.658481014 1.96
Mn 1 2.65787351196 1.11
Cr 1 2.65743383234 2.12
Cr 2 2.65723887256 0.61
Ni 3 2.65708278877 0.61
Cr 1 2.65690617785 1.57
Y 1 2.65675468521 1.32
Ni 2 2.65662470412 0.93
V 2 2.65635046604 1.03
Ni 1 2.65618084019 1.12
Tm 2 2.65597730673 1.07
Ce 2 2.65572244241 0.99
Co 1 2.65537685881 1.42
Cr 1 2.65529522448 1.56
Fe 2 2.65480968503 1.17
Sc 2 2.65467507922 1.0
Cr 2 2.65395372114 1.69
Fe 1 2.65329636382 0.91
V 3 2.65310454724 2.01
Ni 1 2.65221327391 0.92
Cr 2 2.65200597726 -0.01
Ni 1 2.65172526741 1.28
Ti 4 2.6505980864 1.04
Cr 1 2.64988657134 1.08
Fe 1 2.6496756908 1.73
Yb 2 2.64915690638 1.02
Fe 1 2.6490674113 1.82
Cr 1 2.64896110072 0.75
Cr 1 2.6487505655 1.97
Ce 2 2.64815184242 1.32
Y 2 2.64790962042 1.13
Fe 1 2.64778655542 2.11
Fe 1 2.64722025034 1.52
Cr 1 2.6463886918 1.77
Ca 1 2.64625646352 1.0
Ni 1 2.64572282263 0.66
Cr 2 2.6450722434 1.48
Fe 1 2.64489910375 0.28
Zr 1 2.64482612447 1.2
Cr 1 2.64395215467 0.99
Fe 1 2.64350795907 2.14
Fe 1 2.64337555637 2.76
Fe 2 2.64323269004 0.3
Fe 3 2.64279993506 0.68
Co 1 2.64178626842 1.43
Cr 1 2.64136552594 1.04
S 1 2.64127106419 1.33
Ce 2 2.64069114635 0.99
S 1 2.64051795329 1.92
Fe 2 2.64005328265 1.0
Ti 1 2.63968086617 0.51
Cr 1 2.63961675642 1.68
Fe 1 2.63883452244 1.23
Yb 2 2.63873389389 1.26
V 1 2.63865651144 2.92
Ni 2 2.63855869115 1.09
Cu 1 2.63787416731 1.09
Cr 1 2.63761898053 1.65
Fe 1 2.63737043224 1.52
Ni 2 2.63720019872 1.26
Ni 1 2.63710296595 1.25
Ti 2 2.63628115975 1.23
Ni 1 2.63582668466 1.07
Fe 1 2.6351852893 2.49
Fe 2 2.6348981799 1.01
Ca 1 2.63464653524 1.43
Fe 1 2.6344304828 0.46
Ni 3 2.63428878769 1.58
Fe 1 2.63388294148 1.08
Fe 1 2.63376636938 1.56
Cr 1 2.63347153664 1.27
Ti 2 2.6331063972 0.53
Fe 1 2.63287650547 1.72
Nd 2 2.632521107 1.0
Fe 1 2.63220661797 0.76
Cr 2 2.63120222404 2.91
Fe 2 2.63058753484 2.33
Fe 1 2.63002490006 1.03
Ni 1 2.62989535737 1.12
Ni 1 2.62914232117 1.09
Ni 3 2.62766165116 1.79
Ti 2 2.62705280082 1.23
Rh 1 2.62623144074 1.71
Zn 1 2.62558219184 1.75
Ti 1 2.62533200096 1.01
Fe 2 2.62504088641 0.98
Ni 2 2.62433377492 0.67
Mn 1 2.62337029571 1.62
Fe 2 2.62288872203 1.44
Cr 1 2.62280653686 1.17
Fe 2 2.62265381938 -0.31
Mn 3 2.62241527966 1.3
Fe 1 2.62203591085 1.54
Fe 1 2.6217734611 1.54
Fe 1 2.62140641422 1.18
Ti 1 2.62133438032 1.55
Fe 1 2.62121092137 -0.15
Cr 1 2.62083339008 0.87
Ti 1 2.6205834974 1.12
Fe 2 2.62041493276 1.18
Ni 1 2.62023171648 0.73
Ni 1 2.61986799422 1.39
Ni 1 2.61945982438 0.99
Ti 1 2.61933454594 0.99
Fe 1 2.61923993636 1.38
Mn 1 2.61895985461 1.32
Cr 2 2.61799444021 1.62
Ce 2 2.61747849062 1.16
Ti 1 2.61716310809 0.27
Fe 1 2.61700599772 1.05
V 1 2.61658199319 0.07
V 1 2.61619386154 1.43
Fe 1 2.61551345194 1.49
Fe 1 2.61511593087 1.62
Fe 1 2.61485480716 1.46
Tm 2 2.61443450946 1.11
Ti 1 2.61415972776 0.84
Nb 1 2.61314057178 1.36
Ni 1 2.61302117665 1.49
Ti 1 2.61286954039 2.01
Fe 1 2.61250239105 1.4
Co 1 2.61037910019 1.26
V 3 2.61022155361 1.25
Fe 2 2.60919002594 0.6
Ni 1 2.60903709193 0.74
V 1 2.60886057283 1.68
Fe 3 2.6079753655 0.99
Ni 1 2.60758079644 1.22
Cu 1 2.60730363071 1.52
Fe 1 2.60706215949 1.3
Cr 1 2.60683690354 1.1
Ni 1 2.60661718413 1.25
Fe 1 2.60603410304 1.48
Ti 1 2.60573756012 1.02
Ti 1 2.60510793911 1.18
Mn 1 2.60387638661 0.5
Mn 1 2.60341140321 1.12
Ni 1 2.60327315524 1.18
Ce 2 2.60256845919 1.03
Fe 2 2.60236105657 1.37
Ti 2 2.60223252936 0.81
Cr 1 2.6017207924 0.78
Ce 3 2.60150669992 1.36
Mn 1 2.60120091073 1.08
Fe 2 2.60098497276 1.19
Cu 1 2.60041567918 2.05
Fe 2 2.60029620822 1.88
O 4 2.60014864571 1.13
V 1 2.59924848384 1.44
Ti 1 2.59865498176 0.75
Fe 1 2.59831993124 1.49
Fe 1 2.59771295394 1.34
Fe 1 2.59753559434 1.12
V 1 2.59738891849 1.61
Ti 1 2.59604821662 1.37
Fe 1 2.59594508505 0.83
V 1 2.59578817592 0.85
Fe 1 2.59411482111 0.82
Ti 2 2.5938210322 1.38
Fe 1 2.59337121739 1.45
Fe 2 2.59218763843 1.31
O 4 2.59195559231 2.01
Ni 3 2.59072447005 0.83
Fe 1 2.59058258903 1.78
V 1 2.59040493581 2.54
Cr 1 2.59026757001 -0.28
Fe 1 2.59012163967 1.22
Fe 1 2.58956936488 1.71
Ce 2 2.58906677724 0.96
Mo 1 2.58875234673 1.38
Fe 1 2.58858350952 0.98
Cr 1 2.58821435649 1.33
Fe 1 2.58799473116 1.25
Ti 1 2.58787195219 1.0
Fe 1 2.58772780554 0.92
Si 1 2.5871401284 1.47
Fe 2 2.58704496542 0.35
Co 1 2.58685439762 0.96
Fe 1 2.58625285259 1.03
Fe 1 2.58604322752 1.5
Ti 1 2.58504618075 0.52
Fe 1 2.58393669049 1.17
Ti 2 2.58379299697 0.41
Cr 2 2.58368511025 0.72
Fe 1 2.58332155776 1.31
Fe 1 2.58310645435 0.88
Fe 1 2.58293523609 1.92
Fe 1 2.58265530471 1.36
Cr 1 2.58245032457 1.34
Fe 1 2.58164742906 1.68
Fe 2 2.58145305206 -0.02
Ce 3 2.58057544127 1.1
Ti 2 2.58027536512 1.14
Co 2 2.58008968054 2.03
Fe 2 2.57962258224 0.73
Cr 2 2.57924648324 1.43
Fe 2 2.57895591812 0.7
Fe 1 2.57886126239 1.32
Mn 1 2.5786251238 2.11
Ni 1 2.57841018243 1.68
Ni 1 2.57823729951 0.5
Cr 1 2.57809171636 0.91
V 2 2.57766599953 1.48
Zn 1 2.57734719434 1.26
Cr 1 2.5772407431 0.91
Ni 1 2.57657156067 1.43
Cr 2 2.5763799265 1.5
Fe 2 2.57607698913 -0.02
Fe 2 2.57596580353 2.04
Co 1 2.5757700834 1.08
Cr 1 2.57533376228 1.06
Ni 1 2.57517139151 2.1
Fe 2 2.57482902576 1.54
Fe 2 2.57468891139 1.17
Ni 1 2.57445842916 1.24
Fe 4 2.57405549569 1.2
Mn 1 2.57345862768 0.07
Ti 1 2.57206780956 0.96
Sc 1 2.57172884927 1.49
Fe 1 2.57091208325 0.01
Si 1 2.57051820614 1.43
Ni 2 2.57041344959 0.92
Cr 2 2.57007874394 1.34
Fe 2 2.56923381968 0.5
V 1 2.56831139663 1.34
Ni 1 2.56747835663 1.16
Cr 1 2.56729842289 1.03
Ni 1 2.56633424486 1.38
Mn 2 2.56608281205 3.25
V 1 2.56566868002 0.8
Fe 2 2.56551840781 2.45
Cu 1 2.56526718366 1.61
Ce 2 2.5649252786 1.26
Fe 1 2.56456310721 1.5
Cr 3 2.56384394345 2.09
Ti 2 2.56365054172 0.93
Cr 1 2.56332294905 1.24
Fe 2 2.56266687704 -0.29
Ti 1 2.56243902877 2.9
Fe 1 2.56189530116 1.05
Y 1 2.56172509892 1.34
Fe 2 2.56166453405 0.17
C 1 2.56150035039 1.43
Ti 1 2.56119077374 1.0
Fe 1 2.5607117359 1.51
Fe 2 2.56018374585 1.11
Ce 2 2.55999088271 0.96
Ni 3 2.55980703738 1.38
Mn 3 2.5595307633 0.96
Ti 1 2.55908007022 0.64
Fe 1 2.55866806797 1.62
Ce 2 2.55729761265 1.06
Fe 1 2.55696269001 2.01
Ti 1 2.55681307627 0.3
Fe 1 2.5565517029 1.6
Cu 1 2.55597362718 2.1
V 1 2.55558696123 0.51
Fe 1 2.55538816856 1.39
Ni 1 2.55502809188 1.73
Fe 2 2.55438091702 0.65
Fe 1 2.55381081551 1.68
Fe 2 2.55352273625 0.71
Fe 2 2.5533872585 1.74
Ti 1 2.5532109884 1.09
Mn 2 2.55311588767 1.74
Ni 1 2.5524839426 1.38
V 1 2.55203120263 1.05
Fe 1 2.55157686359 1.37
Fe 1 2.5512477692 0.75
Ni 2 2.55099875988 1.29
Cr 1 2.55041494144 2.05
Cr 1 2.5501481847 0.96
V 2 2.54975851216 1.05
Co 1 2.54920049953 1.0
Ni 1 2.54905350857 1.25
Ni 3 2.54885049267 0.9
V 1 2.54863222582 0.89
Fe 2 2.54817149025 1.8
Ni 1 2.54782606279 1.47
Fe 1 2.5471647161 2.31
Co 1 2.5469899021 1.19
Th 2 2.54678085705 1.24
Ni 2 2.5465017942 0.99
Fe 1 2.54615616251 1.39
Ti 1 2.54581316149 1.02
Cr 2 2.54544965318 1.23
Ni 2 2.54518467545 1.19
Gd 2 2.54486156641 1.75
Ti 1 2.54475673342 1.6
Fe 1 2.544355994 1.11
Ni 1 2.5440768134 1.65
Fe 1 2.54391566405 1.2
Ti 2 2.54378045327 0.83
Nd 1 2.54360083922 -0.15
Ni 1 2.54337248888 1.91
V 1 2.54301043974 1.1
Fe 1 2.54280637901 1.53
Fe 1 2.54265136994 1.23
Cr 1 2.54252575518 1.75
Fe 1 2.5419059347 0.89
Ce 2 2.54160604952 0.88
V 3 2.54038377293 0.71
Mn 3 2.53984513082 1.78
Fe 1 2.53976612988 0.85
Fe 1 2.539541588 1.0
Y 2 2.53874093604 1.14
Cr 2 2.53826390896 1.5
Mn 1 2.53801485118 1.23
Fe 1 2.53783386289 0.89
Ti 1 2.53756043739 1.09
Fe 1 2.53736669546 1.3
Fe 2 2.5371652237 0.66
Cr 1 2.53701537032 0.92
Fe 1 2.53692105125 1.13
Mn 2 2.53683401951 2.0
Fe 1 2.53617242868 -0.01
Ce 2 2.53596758406 1.75
Fe 1 2.53506809968 1.76
Fe 1 2.53468685992 1.1
Ni 3 2.53398125681 0.71
Fe 2 2.53348724856 0.39
Fe 1 2.53212841972 1.52
Fe 2 2.5303328801 1.15
Y 2 2.53022627159 1.01
Ni 1 2.52978893523 1.86
Fe 1 2.52858352769 2.24
Ni 1 2.52801163212 1.27
La 1 2.52763972382 0.89
Mn 1 2.52630140661 0.26
Fe 1 2.52615259751 1.12
Fe 1 2.52545158139 1.37
Ni 3 2.52512578408 1.02
Fe 1 2.52496653804 0.79
Fe 1 2.52484494177 1.12
Sc 1 2.52452168298 0.22
Fe 1 2.52434983768 0.99
Fe 1 2.52422112246 1.35
Ni 1 2.52409563455 0.1
Fe 1 2.52385550673 1.07
Fe 2 2.52327655596 1.03
Ni 1 2.52309319954 1.54
Cr 2 2.52213735565 2.04
Fe 2 2.52142176381 0.22
Fe 1 2.52102057247 1.47
Ni 1 2.5208402725 1.01
Fe 2 2.52066370342 0.85
Sm 1 2.52051715591 1.05
Cr 1 2.52007275509 1.96
Cr 2 2.51974209087 1.31
La 2 2.51951198912 1.0
La 2 2.51909197978 1.1
Cr 1 2.51884584659 1.1
Nd 2 2.51799250183 1.3
Fe 1 2.51756158368 1.33
Fe 1 2.51730181684 1.71
Fe 2 2.5171534349 1.49
Fe 2 2.51620522427 0.81
Ti 1 2.51574191355 0.73
Fe 2 2.51473652978 1.14
Ni 1 2.51448360269 1.06
Fe 2 2.51384050113 1.72
Mo 1 2.51319633311 1.91
Fe 1 2.51282017976 1.08
Ni 1 2.51192042327 0.85
Cr 2 2.51166171946 1.5
Ce 2 2.51115114912 1.48
Fe 1 2.51072580738 0.6
Fe 1 2.5104017792 2.01
Fe 1 2.51018857612 0.61
Fe 1 2.50995862185 1.49
Fe 7 2.50854026435 0.71
Ni 1 2.50703641751 0.75
Fe 1 2.50694007154 0.79
Fe 1 2.50673927851 1.07
Fe 1 2.50655774439 1.34
Si 1 2.50594350012 1.0
Fe 2 2.50467558012 1.08
S 1 2.50357620586 0.75
Ce 2 2.50339300004 1.21
Ni 1 2.50310747731 0.97
Cr 1 2.50230308102 0.75
Tm 2 2.5010384412 1.16
V 2 2.50088681022 1.47
Sc 2 2.4987132926 0.94
Fe 1 2.49838418999 0.75
Cr 1 2.49719843552 2.17
Ni 1 2.49707526037 0.97
Mn 1 2.49673445894 1.44
Fe 1 2.49661469333 1.41
Ni 1 2.49589444068 1.01
Co 1 2.4957060215 0.91
Ce 2 2.49545398114 0.45
Ni 2 2.49530937842 1.3
Fe 1 2.4946914281 1.52
Fe 1 2.4944008549 0.76
Fe 2 2.49309704518 0.22
Ni 1 2.49245992342 0.88
Fe 2 2.49195777875 1.65
Ni 1 2.49157550258 1.17
Mn 3 2.49147913015 1.5
Ni 1 2.49129489815 0.81
Fe 2 2.49081287474 2.47
V 1 2.49056612674 1.82
Fe 1 2.49034516768 0.3
Fe 1 2.48984749624 0.92
Ni 1 2.48955247348 1.02
Ti 2 2.48897272524 1.8
Ti 1 2.48877505225 1.16
Ti 2 2.48857634772 2.22
Fe 1 2.48839034428 1.35
Fe 2 2.48823325443 1.15
V 3 2.48801543763 0.99
Fe 1 2.48771539907 1.47
Ni 1 2.48758626251 0.8
Fe 1 2.48701706627 1.15
Fe 1 2.4868706373 1.87
Cr 2 2.48665425245 2.02
Ce 2 2.4865332383 1.24
Fe 1 2.48619541135 1.25
Fe 1 2.48517418609 0.9
Ti 1 2.48508614827 0.83
Ti 1 2.48411874257 1.05
Dy 1 2.48402114602 1.14
Sc 1 2.48372587728 0.53
Fe 1 2.48326638081 1.13
Ni 2 2.48298426088 0.8
Fe 2 2.48281223254 1.55
Pr 2 2.48259583403 1.64
Ni 2 2.48196203892 0.69
Ni 1 2.48184070254 1.43
Ti 2 2.48148474483 1.71
Ni 1 2.48124977066 1.17
Ti 1 2.48112349856 0.91
Ni 1 2.48056338236 1.31
Fe 1 2.48012179339 1.48
Ti 1 2.47992834516 1.0
Ni 1 2.47951385803 1.04
Fe 2 2.47931821259 0.63
Ti 1 2.47919198926 1.02
V 1 2.47894837086 1.26
Fe 1 2.47875807903 1.25
Fe 1 2.47840199727 2.22
Ti 1 2.47829758062 1.52
S 1 2.47782778463 1.07
Fe 1 2.4776784063 1.88
Fe 2 2.47752231694 1.3
Mn 1 2.47725793435 1.43
Ti 3 2.47712003634 0.79
Mn 1 2.47685228288 0.47
Fe 1 2.47665198133 1.54
Fe 1 2.47609461583 1.29
Fe 1 2.47585501813 0.84
Ce 2 2.475695612 0.78
Ti 1 2.4749085671 1.21
Cr 2 2.47472166899 1.2
Mn 1 2.47462152637 1.21
Sc 1 2.47426936354 0.33
Co 2 2.47370159479 1.5
Ni 1 2.47352682644 1.27
Sc 1 2.47340196629 0.62
Ni 2 2.47310410241 1.27
Ni 3 2.47290977689 1.05
Si 2 2.4726386722 0.33
Ru 1 2.47229376374 1.16
Ti 1 2.47169295205 1.33
Ce 1 2.4715383899 1.42
Mn 1 2.47099439053 1.05
Fe 2 2.47057259261 1.93
Cr 1 2.47021016755 2.76
Fe 2 2.47006838056 1.03
Fe 1 2.46993713269 1.13
Ti 1 2.46979251711 1.25
S 1 2.46901198316 0.5
Fe 1 2.46870354933 0.62
Ti 1 2.46839294916 1.08
Fe 1 2.4682365991 0.76
Sm 2 2.4680841138 1.45
Ti 1 2.46791378279 0.91
Ti 1 2.46742252428 0.67
Fe 1 2.46730700217 0.4
Cr 3 2.46719558593 1.16
Ca 1 2.46707156785 1.21
Si 2 2.46629762362 1.32
Cr 3 2.46621339791 0.0
Fe 1 2.46599284668 1.46
Fe 1 2.46581123895 0.87
Fe 1 2.46508029096 1.3
Fe 1 2.46451185282 1.1
Sc 2 2.46439395208 1.0
Fe 1 2.46395394305 1.15
Ni 1 2.4635598157 1.1
Ni 1 2.46226739674 1.0
C 2 2.46198780766 0.83
Ti 1 2.4617288278 1.01
Fe 1 2.46150641991 1.51
Ti 1 2.46078319614 0.83
Ce 2 2.46069166409 1.89
Ti 2 2.46045616483 1.22
Cr 2 2.46036252106 1.5
Ti 1 2.46002215326 1.01
Fe 1 2.45987910535 0.62
Fe 2 2.45948611746 1.55
C 1 2.45914572918 0.94
Ni 1 2.45893651449 0.79
Si 2 2.45825386839 1.27
Ti 1 2.45794785131 1.5
C 2 2.45653381137 1.1
V 1 2.45608099609 1.79
Ti 1 2.45600316277 1.01
Fe 2 2.45589219492 1.01
Ni 1 2.45569353352 1.07
Yb 2 2.45521704014 1.34
P 2 2.45433945093 1.04
Cu 2 2.45420923768 1.46
C 1 2.45408935459 1.0
Ni 3 2.45370135856 0.56
Ti 2 2.45287611343 0.5
Fe 1 2.4522221349 1.91
Fe 1 2.45181020991 1.52
Cr 1 2.45149622008 1.77
Ni 1 2.45125883019 1.7
S 1 2.45100689935 0.9
Fe 1 2.45024629958 1.13
Ti 1 2.44926230818 0.99
Ti 1 2.44802907713 1.12
Fe 1 2.44785704941 0.87
Fe 1 2.44777153463 0.96
Cr 1 2.4473983629 1.48
Fe 1 2.44682122381 1.28
Cr 1 2.44654110312 1.75
Co 1 2.44626679068 2.12
Fe 1 2.44604109025 1.74
Ti 2 2.44588848913 1.48
Cr 2 2.44573190174 1.31
Cr 2 2.44472925384 1.46
Fe 1 2.44444512069 0.88
Ti 2 2.44434637054 1.2
Fe 1 2.44415739312 1.47
Ce 2 2.44403774231 1.08
Fe 1 2.44315673743 1.06
Fe 2 2.44242271558 1.22
C 1 2.44225982976 1.14
Fe 1 2.44112412822 1.87
Fe 1 2.44100597421 1.48
V 2 2.44075684739 0.89
Ni 1 2.44065250856 0.51
Ni 1 2.44037653588 1.03
Ni 2 2.44017297631 1.01
Ni 3 2.4400985856 1.46
Ce 2 2.43987690657 1.58
Ca 3 2.43974791082 1.07
Fe 2 2.43950655358 1.32
Fe 1 2.43902855297 1.25
Co 2 2.43866519769 1.19
Fe 1 2.43844720704 1.53
Ni 2 2.43800038438 1.2
Ti 1 2.437247143 0.75
Tm 2 2.43707156665 0.81
Fe 1 2.43672290253 1.35
V 1 2.43653711116 1.39
Sm 2 2.43633617981 1.5
Fe 2 2.43546558105 1.99
Ca 1 2.43493901076 0.94
Sc 1 2.4344953686 1.11
Tm 2 2.4337285156 1.25
Fe 1 2.43347297583 1.45
Fe 1 2.43249618531 1.29
Cr 2 2.43234032257 1.66
Fe 2 2.43168992967 0.17
Fe 1 2.43150163472 0.9
Ni 1 2.43138344004 1.31
Ni 1 2.43109572576 1.26
Fe 2 2.43074847909 1.15
Ni 2 2.43064212747 1.14
Ni 1 2.42964807699 1.24
Fe 1 2.42914233157 1.48
Fe 1 2.42906747164 1.32
Mn 2 2.42894642141 2.12
Ce 2 2.42842429037 1.3
Fe 2 2.42751383046 1.13
Fe 1 2.42742605407 1.49
Fe 1 2.42646983796 1.15
Ti 2 2.42611291972 0.33
Cr 1 2.4259498357 1.68
Fe 2 2.42522576462 0.51
Ce 2 2.42479330043 0.96
Mn 1 2.4246701129 1.18
Fe 1 2.42417047677 1.2
Ni 1 2.42374550265 1.1
Fe 2 2.42356306348 1.55
Ni 2 2.42254182005 0.96
Cr 2 2.42197852296 0.97
Ti 1 2.42137289838 1.08
Fe 1 2.42079594776 1.0
La 2 2.42015332977 1.15
Mn 3 2.42003991266 1.54
Cr 1 2.41993001554 0.86
Fe 1 2.41980412056 -0.01
Fe 1 2.41938486958 0.88
Cu 1 2.4191407206 1.35
Cr 1 2.41864058001 -0.58
Ti 1 2.41808844126 1.1
Fe 1 2.41793653471 0.99
Mn 2 2.41784581467 1.3
Cr 2 2.41724134484 2.46
Ni 1 2.41714214851 0.99
Fe 1 2.41701992656 1.22
Ti 3 2.41667496118 1.49
Cu 2 2.41657160094 1.06
Ce 2 2.41622893757 1.2
Mn 2 2.41615059328 1.17
Ce 2 2.41601434291 1.29
Fe 2 2.41558806254 1.04
Fe 2 2.41519171893 1.05
Co 2 2.41510621165 0.99
Fe 1 2.4139793567 0.38
Fe 2 2.41364659757 1.0
Tm 2 2.41351646088 1.19
Fe 1 2.41337032897 1.38
Tm 2 2.41248898514 0.83
Cr 1 2.41239489626 1.23
Fe 1 2.41132614209 1.0
Ni 2 2.41095794342 1.13
Mn 1 2.41077379788 1.73
Fe 1 2.41039716041 0.35
Cr 1 2.40995850904 2.0
P 2 2.40975278128 1.18
Ti 1 2.40958136434 1.14
Fe 2 2.40927291779 1.3
Fe 1 2.40918854206 1.12
Ni 1 2.40910336429 0.96
Sc 1 2.4089689279 1.11
Ti 1 2.40863725708 1.47
Fe 2 2.40837306833 1.05
Ti 1 2.40828743645 1.16
Ni 1 2.40808280256 1.51
Fe 2 2.40800438468 1.15
Sc 1 2.407372724 0.25
Ce 2 2.40705968628 1.16
Fe 1 2.40656713131 1.51
Ti 1 2.40643766675 1.53
Ce 3 2.40594833005 0.96
Cr 2 2.40586537188 1.54
Ti 2 2.40555790203 1.5
Ce 2 2.40540568409 0.77
Cr 1 2.40506421052 1.47
Ni 1 2.40476795993 1.14
V 1 2.40462935911 0.79
Co 1 2.40449081484 1.07
Cr 2 2.40388856062 -0.49
Pr 3 2.40373277722 1.04
Ni 2 2.40323155903 1.31
Fe 1 2.40281734603 1.52
Fe 2 2.4024071907 1.18
Fe 2 2.40224480046 0.54
Fe 1 2.40173143055 1.39
Fe 1 2.40067685802 1.14
Fe 2 2.40049635616 1.2
Ti 2 2.40043956849 0.35
Ce 2 2.40027563931 0.65
Fe 1 2.39987434937 1.79
Co 2 2.3993220256 0.49
Cu 2 2.39922665117 1.48
Ni 1 2.39876876142 0.68
Fe 3 2.39860841998 0.61
Ti 1 2.39739964713 1.0
Ni 3 2.39689804186 0.6
Ti 1 2.39641137338 0.67
Fe 1 2.39548828002 1.52
Ni 1 2.39510687558 1.12
Rh 1 2.39479154363 0.42
Cr 1 2.39471945982 1.51
Fe 1 2.39407037881 1.46
Ni 1 2.39392461428 1.49
Cr 2 2.39348759814 1.23
Fe 1 2.39184817512 2.26
Fe 1 2.39155375501 1.49
Cr 1 2.39141368285 1.44
Ti 2 2.3907909791 0.89
Ni 1 2.3904917889 1.37
Fe 1 2.38986712682 0.99
Co 2 2.38950250686 1.08
Cr 2 2.38823300445 0.98
Fe 2 2.38798241876 1.14
Fe 1 2.38782357304 1.83
Ni 2 2.38773284809 1.23
Ti 1 2.38753768431 1.08
Fe 1 2.3866303782 1.09
Cr 2 2.38638774834 1.38
Fe 1 2.38611784594 1.09
Tm 2 2.38588665561 1.33
Ni 1 2.38561169795 0.48
Fe 1 2.38542394992 1.07
Fe 1 2.38525648094 0.36
Fe 1 2.3849003866 1.5
Fe 2 2.38423572177 0.38
Y 2 2.38412130776 0.72
Fe 2 2.38324923322 1.24
Ni 2 2.38223187032 1.76
Mn 1 2.38168520209 2.17
Cr 2 2.38154289924 1.39
Ni 2 2.38119512518 1.17
Fe 1 2.38067868469 1.03
Cr 1 2.38044952151 1.63
Fe 1 2.3797882704 1.06
Cr 2 2.37955669553 1.46
Cr 2 2.37934415702 1.41
Fe 2 2.37903396689 1.68
Co 1 2.37850657823 1.33
Fe 1 2.3779966235 1.47
Cr 1 2.37762853906 1.92
Fe 2 2.3773682799 1.09
Fe 1 2.37687062386 0.68
Ni 1 2.37678420804 0.99
Fe 1 2.37636294897 1.49
Fe 1 2.37612695682 0.56
Cu 1 2.3759925484 1.09
Ti 1 2.37531228233 1.5
Fe 2 2.37513898599 0.47
Ni 1 2.37504369955 1.01
Cr 1 2.37476487813 3.0
Fe 1 2.37437639646 0.64
Ca 1 2.37408144433 0.77
Fe 2 2.37372693798 1.17
V 1 2.37352968487 1.34
Eu 3 2.37321715666 0.23
Mn 2 2.3731095277 0.3
Mn 1 2.37292892235 0.18
Cr 2 2.37266186808 2.43
Cr 1 2.37220113952 1.52
Fe 2 2.37205366822 1.39
Fe 1 2.37191018568 1.0
Fe 1 2.3713685518 0.97
Ti 1 2.37069967697 1.12
Cr 2 2.37053753773 1.54
Cr 2 2.36949642777 2.45
Ni 2 2.36929975757 0.75
Nd 2 2.36873515682 -0.11
Fe 2 2.36853826411 0.87
Co 1 2.36828497178 0.87
Mo 1 2.36818704366 0.56
Fe 1 2.36782477825 0.39
Fe 1 2.36773932595 1.16
Cr 2 2.36731900215 1.33
Cr 1 2.36657768757 1.54
Co 3 2.36619029422 1.0
Nb 1 2.36594060638 1.43
Fe 1 2.36498367683 1.0
Cr 2 2.36459327809 1.39
V 1 2.36440477911 0.43
Fe 1 2.36353010475 1.79
Fe 2 2.36305618769 -0.16
Fe 1 2.36292866869 1.99
Cr 1 2.36269659467 2.51
Ti 1 2.36253794099 1.5
Fe 1 2.36200782459 0.93
Cr 2 2.36185428769 1.53
Ce 3 2.36160294735 0.77
Fe 1 2.36150738685 3.0
Fe 1 2.36131081912 1.5
V 1 2.3606678206 1.17
Nb 1 2.36024350285 0.94
Yb 2 2.36004543567 1.09
Fe 1 2.35937886906 2.26
Fe 2 2.35930636606 1.14
Mn 1 2.35921427697 1.16
Ni 2 2.35912500777 -0.39
Fe 2 2.35903149067 1.1
Fe 2 2.35848614429 1.65
Ni 2 2.35817099223 0.42
Ni 1 2.35735071693 0.98
Ca 1 2.35694087142 2.0
Fe 4 2.35634946174 2.04
Fe 2 2.35611781182 1.46
Fe 1 2.35593848965 1.28
Ce 2 2.35582142611 1.08
Fe 1 2.35563104421 1.5
Ni 3 2.35538698453 1.5
Ce 1 2.35523833291 1.22
Co 2 2.35496107752 1.27
Cr 1 2.35480278787 1.2
V 3 2.35462403427 0.97
V 1 2.35443861152 1.51
Cu 1 2.35427486576 0.45
Fe 1 2.354177931 1.28
V 2 2.35385823945 0.72
Pr 3 2.353382931 0.54
Ti 2 2.35326408408 0.91
Ce 1 2.35284386791 1.03
Ni 2 2.35249507714 0.87
U 1 2.35174669032 1.18
Fe 3 2.35157933135 1.82
Fe 1 2.35122734293 1.52
Co 1 2.35113221275 1.45
Fe 1 2.35041615402 1.33
Cr 1 2.35006929733 1.7
Dy 1 2.34995225779 0.9
Sc 1 2.34865139421 0.71
Ni 2 2.34823864098 0.75
Ca 1 2.34815421804 1.5
Ni 3 2.34803123176 1.02
V 2 2.34790477605 0.49
Fe 1 2.34738824036 1.18
Fe 1 2.34657463129 1.5
Fe 2 2.34635926427 0.65
Fe 1 2.34622009288 0.37
Fe 1 2.34613614043 0.91
Fe 1 2.34590623407 1.12
Fe 1 2.34439734745 1.02
Nd 2 2.34235118918 0.9
Fe 1 2.34199108329 0.98
Fe 1 2.3417322901 1.21
Sc 2 2.34139396112 1.25
Ti 1 2.34118761995 1.23
P 2 2.34105698793 1.26
Cr 1 2.34078278313 1.0
Cr 1 2.34048150706 1.25
Ce 2 2.3401858091 0.86
Fe 1 2.34008334594 1.09
Sc 1 2.33986089165 1.37
Fe 2 2.33899314913 1.08
Co 1 2.33886327942 1.49
Ca 3 2.33874098517 0.92
Er 2 2.33830750934 0.94
Fe 2 2.33747935526 1.1
Tm 2 2.33673718317 1.18
Cu 2 2.33607943325 1.68
Ce 2 2.33560877397 1.32
Fe 1 2.33549825555 1.42
V 2 2.33461379394 1.92
Ti 1 2.33366192318 1.34
Mn 2 2.33334427785 2.5
Fe 1 2.33269002555 1.1
Cr 1 2.33200541794 0.71
Sc 2 2.33124947681 0.76
Cr 1 2.3310699654 2.17
Fe 2 2.33061165923 1.0
Fe 1 2.33051202241 0.91
Fe 1 2.33004269193 0.99
Fe 1 2.32963369643 0.67
Fe 1 2.32869785692 1.5
Co 1 2.32822099931 1.25
Fe 2 2.32809749719 1.13
Ca 3 2.3278400782 0.54
Ni 2 2.32754591925 2.06
Fe 2 2.32735176343 1.46
Ca 3 2.32700959341 1.13
Cr 1 2.32689035796 1.15
Fe 1 2.3267971764 1.2
Cr 1 2.32653044209 1.7
Cr 1 2.32623917034 1.29
Fe 1 2.32616129619 0.66
Fe 2 2.32551900557 1.27
Fe 1 2.32499507766 0.67
Fe 1 2.3248901938 1.5
Fe 3 2.32452692827 0.38
V 1 2.32428494852 1.92
Cr 2 2.32403425944 0.41
Nb 1 2.32319777283 1.87
Fe 1 2.3227812405 1.35
Fe 1 2.32183017987 1.51
Cr 1 2.32160680419 2.02
Mn 1 2.32134930945 1.29
Co 1 2.32122667868 1.14
Co 1 2.32062595826 1.05
Cr 1 2.31927990895 1.17
Cr 2 2.31916389535 1.79
Fe 2 2.31895422589 2.19
Th 2 2.31874018456 1.35
Mn 2 2.31818763342 0.53
Ca 1 2.31769290708 0.99
Fe 1 2.31757276945 1.55
Cr 1 2.31657568738 1.27
Fe 3 2.31599533129 0.72
Co 1 2.31348268231 0.62
Fe 1 2.312438384 1.01
Ni 2 2.31191055293 1.97
Fe 2 2.3110353973 0.85
Yb 2 2.31080818816 1.12
Fe 2 2.30991695112 1.15
Cr 2 2.30910607952 1.46
Sc 2 2.30900438476 1.0
Fe 1 2.30884422103 1.1
Cr 1 2.3081878347 1.88
Fe 1 2.30723526289 1.67
Fe 1 2.30589575208 0.87
Fe 3 2.30556136335 1.65
Fe 1 2.30471880777 1.1
C 1 2.30439990021 1.0
Ti 2 2.30409917645 0.92
Fe 2 2.30309382732 0.53
Fe 1 2.30182815053 1.18
Cr 1 2.30155696404 1.22
Fe 2 2.30132739011 0.96
Ni 2 2.30048362136 1.15
Cu 2 2.30027089551 0.31
Cu 2 2.30008530405 1.0
Fe 1 2.29963986672 1.41
Ni 1 2.29926702628 1.73
Fe 1 2.29891013844 1.51
Fe 1 2.29827039428 1.47
Fe 1 2.29803770933 0.12
Mn 1 2.29759807391 -0.08
Fe 2 2.29745677118 1.73
Ni 2 2.2972207454 0.71
Fe 1 2.29701623153 0.54
Fe 1 2.29673352659 0.79
P 2 2.29622451851 1.32
C 2 2.29578518371 1.14
Ni 3 2.29546302827 1.38
Y 2 2.29482208243 0.89
Fe 1 2.29437670301 0.89
Fe 1 2.2942428095 1.13
Cr 1 2.29388737216 1.47
Ce 2 2.29372830019 1.65
Sc 1 2.29354734043 1.34
Fe 1 2.29331312548 1.52
Fe 1 2.29312518825 0.87
Cu 2 2.29284780463 1.09
V 1 2.29279375084 0.85
Mn 3 2.29225222874 1.44
Y 2 2.29212425029 1.11
Cr 2 2.29184697234 1.41
Fe 1 2.29137194564 0.99
Ce 2 2.29057843893 0.26
Cu 1 2.29020329008 1.41
Fe 2 2.29003514011 1.19
Fe 1 2.28955658323 1.17
Ti 2 2.28804974315 1.04
Yb 2 2.28788140853 1.34
Mn 1 2.28737981067 1.21
Ti 1 2.28713655394 0.57
Gd 1 2.28703669139 1.72
Fe 1 2.28675292833 2.73
Ce 1 2.28662133335 1.18
Fe 1 2.28593681585 1.77
Fe 1 2.28581197782 1.2
Ni 1 2.28557350326 1.04
Fe 2 2.28531634253 1.24
Fe 2 2.28424022171 1.86
V 2 2.28367715726 1.48
Fe 1 2.28344174749 1.38
Mn 2 2.28224874666 0.64
Fe 1 2.28207783694 0.55
Fe 1 2.28141497697 -0.01
Ni 1 2.28085692165 0.51
Fe 1 2.28067181411 1.29
Fe 1 2.2805491835 1.82
Fe 1 2.2802989971 1.59
Sc 5 2.27855833419 1.22
Ni 2 2.27700850919 1.19
Fe 7 2.27636385569 1.11
Fe 1 2.2762255584 1.25
Fe 1 2.274068795 0.7
V 1 2.2737524052 1.41
Fe 1 2.27359098691 1.4
Mn 1 2.2726035546 2.33
Fe 1 2.27040837425 1.97
Sm 1 2.27012695695 1.11
Ni 1 2.2697351176 1.49
Fe 1 2.26954062791 0.82
Fe 1 2.26940892615 1.1
Fe 1 2.26899275376 1.11
Sc 5 2.26811395378 1.2
Fe 1 2.26787084555 1.24
Rh 1 2.2674052487 1.05
Fe 2 2.26658176311 2.08
Mn 2 2.26635773945 2.03
Fe 1 2.2654999574 1.52
Fe 1 2.265310518 1.65
Y 2 2.26521778388 1.49
Fe 1 2.26500512898 1.49
Fe 1 2.26402209594 1.07
Fe 1 2.26390178168 1.49
Ce 2 2.26376136789 1.56
Si 2 2.26342781785 1.07
Ti 1 2.26313195162 0.83
Fe 1 2.26213213504 1.49
Cr 1 2.26196573194 0.25
Ti 1 2.2618970034 1.25
Cr 1 2.26120513905 2.02
Co 1 2.26109993946 1.13
Fe 1 2.25953786414 0.35
Fe 1 2.25938535378 1.03
Fe 1 2.25929063517 1.23
Si 1 2.25911773395 1.47
Fe 1 2.25842551122 0.67
Cu 2 2.25830088829 0.92
Ti 1 2.2580768259 2.05
Cr 2 2.25760928724 1.86
Ti 2 2.25717753941 1.12
Fe 1 2.25692494348 1.72
Cr 1 2.25652793102 1.23
Ni 1 2.25635712856 1.14
Fe 1 2.25566908278 1.6
Fe 1 2.25527587756 2.26
Mn 3 2.25365437947 2.24
Cr 2 2.25340315667 1.07
Co 1 2.25295766855 1.09
Ti 1 2.2526601181 -0.04
Ni 1 2.25257906268 0.98
S 1 2.25184960468 1.68
V 1 2.25148034013 0.65
Fe 1 2.25072812708 1.96
Ni 5 2.25019503649 0.57
Th 2 2.24988853251 1.07
Cr 2 2.24924286661 1.68
Ti 1 2.24913706552 1.14
Ca 1 2.24894969952 1.0
C 1 2.24839145797 1.85
Ti 1 2.24831508006 1.0
Fe 1 2.2475220447 1.24
V 1 2.24740414293 1.15
Fe 1 2.24728313702 1.65
Si 1 2.24709252476 0.97
Ta 1 2.24563157286 0.65
Fe 1 2.24509417827 1.53
Co 1 2.24475034239 0.82
Fe 2 2.24400875365 0.1
Ce 2 2.24383536197 1.25
Ni 2 2.24332041975 1.08
Zr 1 2.24267183997 1.4
Pr 3 2.24247757639 1.75
Fe 1 2.24236837878 0.57
Co 1 2.24171060954 1.99
Fe 1 2.24122666691 1.44
Ca 1 2.24090899338 0.74
Cu 2 2.24013388285 1.57
Fe 2 2.24006632686 0.57
Ce 2 2.23982587208 1.07
Nd 2 2.2388846149 1.44
Fe 1 2.23827100811 1.52
V 2 2.23668343487 1.33
Ce 2 2.23639090916 1.33
Ce 1 2.23535482371 1.18
S 1 2.2351589115 1.67
Yb 2 2.23437631704 0.82
Fe 1 2.23409060963 1.33
Fe 2 2.23396741726 1.31
V 1 2.23354244437 2.05
Mn 1 2.23315646634 1.28
Sc 1 2.23250355616 1.6
Cr 1 2.23198365651 1.62
Th 1 2.23112208465 1.22
Ce 2 2.23075388963 1.02
Fe 1 2.23007315394 1.43
Fe 1 2.22984535316 0.86
Ti 1 2.22884426799 1.1
Y 1 2.22848051174 0.85
Fe 1 2.2276445343 1.08
Fe 1 2.22697110192 0.75
Fe 2 2.2268198816 1.41
Ni 2 2.22638023288 1.48
Fe 1 2.22607795963 0.75
Fe 1 2.22479027021 1.0
Cr 2 2.22469260902 1.42
Ca 1 2.22115339652 1.5
Sc 1 2.22003999507 0.86
Fe 2 2.21924904126 0.35
Fe 1 2.21892590082 1.21
Fe 2 2.2188122718 1.17
Fe 1 2.21845695428 1.53
Ni 1 2.2182176229 1.03
S 1 2.21791672633 0.97
Sc 1 2.21742311074 1.33
Fe 2 2.2170728178 0.57
Fe 1 2.21691350441 1.15
Ni 1 2.21648166643 0.94
Ca 1 2.21619246518 1.16
Th 1 2.21595687491 0.97
Ca 1 2.21460545926 0.5
Mn 2 2.2139902847 0.86
Fe 1 2.21391499543 1.47
Ce 1 2.21349871542 1.24
Mo 1 2.21299197758 0.94
Sc 1 2.21285310392 1.8
Sc 1 2.21120253843 0.62
Mn 2 2.21045790725 0.42
Fe 1 2.20837320943 0.67
Fe 2 2.20817610661 1.2
Th 1 2.20796641978 1.53
Fe 1 2.20783243282 1.19
Fe 1 2.20665981762 1.31
Co 2 2.20642475752 1.86
Mo 1 2.20627985902 1.77
Fe 1 2.20611212459 1.33
Cr 4 2.20593625868 1.38
Si 1 2.2054929014 0.63
Sc 1 2.20454396987 1.11
S 1 2.20433996327 1.03
Ni 1 2.20403733236 1.28
Ca 2 2.20317885578 1.33
Ni 1 2.20285330481 0.6
Fe 1 2.2006619535 1.43
Fe 1 2.20043838519 1.51
S 1 2.19977518637 2.23
Fe 1 2.1995876781 1.16
Ni 1 2.19942449964 0.73
Ti 1 2.19897760879 1.93
Fe 2 2.19878883266 0.49
Sc 2 2.19791671095 1.5
Cu 2 2.19773872371 1.05
Ni 1 2.19756657168 1.15
Co 1 2.1971001555 1.06
Mn 1 2.19669624848 1.78
Si 1 2.19611608357 1.47
Co 1 2.19548373576 1.1
Ni 2 2.19496667248 1.06
Fe 2 2.19453736464 2.17
Fe 1 2.19441455617 0.52
Ce 2 2.19414286875 1.13
Fe 1 2.19383853156 1.88
Fe 1 2.19362982696 0.7
Fe 1 2.19350965104 1.61
Cr 2 2.19290827113 3.18
Fe 1 2.19249700994 0.47
Fe 1 2.19240103937 1.06
Ni 2 2.19227938469 1.89
Cr 2 2.19135462175 1.43
V 1 2.19109340012 1.3
Fe 1 2.19099159403 1.38
Co 2 2.19025847347 0.62
Fe 1 2.19013966828 1.18
V 2 2.19001153386 1.57
Ti 1 2.18969896152 1.24
Fe 1 2.18955797445 1.28
Fe 1 2.18939916755 1.0
Cr 1 2.18898547568 1.31
Si 2 2.18838374732 1.0
C 1 2.18794740175 0.5
Sc 2 2.18777218007 1.49
Fe 2 2.18704248167 0.95
V 1 2.18676992401 2.62
Ni 1 2.18669197163 0.75
Sc 1 2.18596998288 1.16
Cu 2 2.18579690084 1.01
Si 1 2.18458008616 0.95
Cu 1 2.18446139045 1.18
Dy 1 2.18370874576 0.86
Fe 1 2.18319408592 1.45
Ce 3 2.18272673677 1.06
Cu 2 2.18197337018 1.94
Mn 1 2.18180644766 0.91
Sc 2 2.18120866032 1.48
Fe 1 2.18109733151 1.35
Fe 1 2.18031268566 0.84
Co 1 2.17966869148 0.61
Fe 2 2.17918657063 1.08
Si 1 2.1788205863 1.53
Fe 1 2.17840934497 -0.02
Fe 2 2.1777864867 1.28
Cr 1 2.17716895876 1.17
Ni 1 2.17707578987 1.27
Fe 1 2.17665261864 1.07
Fe 1 2.17591403227 0.94
S 1 2.17579669792 0.72
Mn 2 2.17507640184 1.83
C 2 2.17473932316 1.5
Fe 1 2.17456951155 1.1
Tm 2 2.17427484858 1.03
Ca 1 2.17379475543 1.5
Ni 2 2.17307612641 0.77
Cu 2 2.17287122077 0.9
Fe 3 2.17248214176 1.04
Ce 2 2.17207350785 1.43
Si 1 2.17196076427 1.49
Fe 1 2.17158203119 1.43
V 3 2.17093688282 1.13
Ca 1 2.17063817573 1.31
Fe 1 2.1705402185 2.01
Mn 1 2.17029551741 2.14
Mo 1 2.1694188185 0.98
Ti 1 2.16837601987 1.95
Fe 1 2.16721650998 1.4
Ni 2 2.16690684271 1.35
V 1 2.16488746753 0.95
Ce 2 2.16310614095 1.76
Fe 1 2.16290492902 1.4
Fe 1 2.16269473567 1.32
V 1 2.16110754901 1.16
Ti 1 2.16020104186 1.03
Fe 1 2.1600861746 1.09
Fe 1 2.16000875527 1.69
Fe 1 2.1593068054 1.36
Si 1 2.1571209596 1.03
Fe 1 2.15701776994 0.55
Ni 1 2.15686357937 1.44
Sc 1 2.15548335489 1.8
Fe 1 2.15507485093 0.94
Si 1 2.15488227434 0.32
Fe 2 2.15471553 1.26
Fe 1 2.15459616403 1.36
Ni 1 2.15450120192 1.53
Ti 1 2.15424463284 2.65
Fe 1 2.15267552391 2.36
Ni 3 2.15237309019 0.99
S 1 2.15219169047 2.0
Fe 1 2.15203574502 0.5
Fe 1 2.15138558296 1.2
Mn 1 2.14902248127 2.28
Cu 1 2.14889591858 1.05
Si 1 2.14797421327 1.0
Fe 1 2.14688120602 1.42
Fe 1 2.14645453611 0.93
Si 1 2.14491477868 0.7
Fe 1 2.14483107712 1.63
Ca 1 2.1447552635 1.12
Cr 1 2.14461640009 1.99
Cu 1 2.14426633122 0.83
Cr 1 2.14391687413 2.01
Cr 1 2.14362230881 1.67
Er 1 2.14332595775 1.09
V 1 2.14322493615 0.86
Fe 1 2.14309843119 1.45
V 2 2.14293671558 1.44
Ti 1 2.14283993303 1.11
Ni 2 2.14212270875 0.64
Ce 2 2.14098533794 1.2
Fe 2 2.14078474255 0.42
Si 1 2.14021370814 1.02
Fe 1 2.13990240608 1.34
Co 2 2.13844709923 1.16
Si 1 2.13634328247 1.29
Fe 1 2.1361714136 1.46
Ti 1 2.13608695701 1.14
Fe 1 2.13601572211 1.99
Ni 1 2.13573599933 1.23
La 2 2.13553531375 1.08
Fe 1 2.13518233656 0.96
Fe 1 2.13472339243 0.93
Fe 1 2.13426625656 1.21
Yb 2 2.13327466713 1.14
Fe 2 2.13221362367 1.59
Fe 1 2.1320639076 1.22
Y 1 2.1317538919 1.01
Fe 2 2.13164432089 0.92
Mn 2 2.12743181502 0.24
Ni 1 2.12607456488 1.08
Fe 1 2.12479853618 1.52
Fe 2 2.12467599754 0.88
Ni 1 2.12047510562 0.94
Si 1 2.12037994167 0.9
Cr 1 2.12007049347 0.59
Cr 2 2.11950110167 1.42
Fe 3 2.1185827307 0.91
Fe 1 2.11824634308 0.65
Fe 1 2.11805472945 1.41
Si 1 2.11754777027 1.0
Fe 1 2.11718310869 1.01
Cr 2 2.11669053626 2.11
Ni 1 2.11658352358 0.57
Fe 1 2.1159188411 1.23
Fe 1 2.11491846219 1.25
Ti 1 2.11423726156 0.79
Fe 2 2.11351913021 0.86
Ti 1 2.11344272916 1.17
Y 2 2.11304404721 1.21
Fe 1 2.06536427213 1.32
Fe 1 2.06449490509 1.46
Ni 1 2.0638868967 1.06
Fe 1 2.0636636181 1.6
Fe 1 2.06345854631 0.1
Fe 1 2.06302476523 0.85
Fe 2 2.06219986448 2.36
Fe 1 2.06201844569 1.51
Cr 2 2.06186532145 1.51
Mn 1 2.06176633536 1.72
C 1 2.06130775863 1.05
Cr 2 2.06068707297 2.1
Fe 1 2.05948267182 1.43
Fe 2 2.05892297553 1.57
Fe 1 2.05814906442 1.17
Fe 1 2.05712690604 0.96
Fe 1 2.05615952734 1.57
P 2 2.05474704914 0.51
Cr 2 2.05430287406 1.32
V 1 2.05281016386 1.47
S 1 2.05068485224 2.0
Yb 2 2.0484189816 0.75
Cr 2 2.04814933192 2.43
Ni 1 2.04807781146 0.35
Fe 1 2.04794539041 0.52
Mn 2 2.04729278883 1.46
Fe 1 2.04498047209 0.86
Fe 1 2.04409120134 1.84
Fe 1 2.03971848571 0.99
Mn 2 2.03872793354 0.75
Co 1 2.03840014572 1.33
Fe 2 2.03830339945 2.19
Ce 2 2.03783593796 0.98
Th 2 2.03745235938 1.18
Fe 2 2.03710780807 1.56
P 2 2.03659275998 1.0
Fe 2 2.03579351079 2.43
Sc 1 2.0354709799 1.06
Si 1 2.0352235981 0.9
Ti 1 2.03492921094 1.2
Mn 2 2.03464643963 0.89
Fe 1 2.03440326066 0.67
Fe 1 2.03363855871 1.53
Fe 1 2.03311237247 1.63
Fe 1 2.03180121658 0.77
Ca 1 2.03162023164 2.0
Fe 2 2.03145880677 0.14
Mn 1 2.03137738839 1.21
Cr 2 2.03037961514 1.2
Si 1 2.03032974575 0.5
Fe 1 2.0300945427 1.41
Ni 1 2.02982546446 1.09
Ni 1 2.02884377498 1.22
Fe 2 2.0286513659 0.94
Si 1 2.02822824712 1.13
Fe 2 2.02817174699 2.01
Fe 2 2.02809790793 0.57
Ni 2 2.02714385057 1.37
Fe 2 2.02603983532 1.23
Ni 1 2.02596500001 0.36
Ti 1 2.02555443183 1.06
Ca 1 2.02514967323 1.75
Si 1 2.02422430856 1.13
Fe 1 2.02382793416 1.96
Fe 1 2.02326989687 0.72
Ni 1 2.02253469659 0.48
Si 1 2.0220604979 1.05
Si 1 2.02196839867 1.29
Cr 1 2.02039717555 0.95
Fe 1 2.02027367322 1.98
Ni 3 2.02017775708 1.76
Ti 2 2.02004328724 0.56
Si 1 2.0197757391 1.13
Fe 1 2.01871891922 1.81
Si 1 2.01856210789 1.75
Cr 2 2.01846718064 1.17
C 1 2.01763655095 0.67
Fe 2 2.01672797599 0.31
Fe 2 2.01624852862 1.35
Ce 3 2.01595618891 1.24
Fe 1 2.01547104685 1.84
Fe 2 2.01461771042 0.56
Si 1 2.01431736477 0.92
Si 1 2.0141369299 1.13
Ca 1 2.01403180446 2.0
Fe 1 2.01347137797 1.22
Cr 2 2.01332800862 1.14
Fe 1 2.01293340917 1.22
Fe 2 2.01248513551 0.55
Ca 1 2.01230700305 1.33
Tm 2 2.01201868526 1.21
Mn 1 2.01160310022 0.96
S 1 2.01150499963 1.06
Fe 1 2.01097907881 0.69
Ca 1 2.01062855584 0.5
Ca 1 2.0097803013 1.0
Ca 1 2.00961052995 1.67
Fe 1 2.00929980476 1.31
Fe 1 2.00914077426 1.41
Fe 1 2.00838052925 1.29
Fe 2 2.00779368655 1.22
Ce 2 2.0077209496 1.68
Mn 3 2.00725080552 0.24
Ni 1 2.0071106227 0.55
Fe 2 2.00641539988 1.31
Fe 1 2.00614848787 0.64
Cr 1 2.00403825975 1.59
Fe 1 2.00362480377 1.59
Ni 1 2.0025923387 1.27
Fe 1 2.00246821429 2.1
Si 1 2.00154711103 1.33
Fe 2 2.00121216097 1.36
V 1 2.00000423807 1.48
Fe 1 1.99990357988 0.6
Ti 1 1.99964147062 1.27
Ni 2 1.9982591189 0.77
Fe 1 1.99709930142 0.68
Si 1 1.99698890371 1.17
Sc 1 1.99542044505 1.06
V 1 1.99528135614 1.47
Ca 1 1.99487066553 0.67
Fe 1 1.99478565986 1.2
Fe 2 1.9944820949 2.63
Fe 1 1.993543621 1.66
Ce 3 1.99324264371 0.77
Ti 1 1.99316079955 0.96
Fe 1 1.99306284233 1.29
Mn 3 1.99288541916 1.77
Sc 2 1.99203724588 0.97
Ce 2 1.99187088663 0.99
Fe 1 1.99115753129 1.35
Fe 1 1.99035939993 0.99
Ni 1 1.99008537983 0.96
Fe 1 1.98988050094 1.24
Fe 1 1.98927030735 1.99
Si 1 1.98777723467 0.97
Fe 2 1.98743984781 1.46
Fe 2 1.98713422624 0.82
Fe 2 1.9869440249 2.15
Fe 1 1.98682691187 1.46
Fe 1 1.98671851569 0.99
Fe 3 1.98602619442 1.02
V 1 1.98593498077 1.55
Fe 2 1.98571029015 0.67
Ca 1 1.98561827172 0.96
Si 1 1.98550230473 1.11
Sc 2 1.98513733048 1.17
Fe 1 1.98491422899 1.58
Fe 2 1.98458612243 1.01
Fe 2 1.98452064368 1.03
Fe 2 1.9840927538 1.42
V 1 1.98316704057 1.57
Cr 2 1.98293323357 1.75
C 2 1.9825300576 1.22
Fe 1 1.98240121496 1.51
Si 1 1.98221488863 1.1
Cr 2 1.98185884117 0.35
Fe 1 1.98172913138 0.96
Mn 3 1.98117635901 1.11
Ti 1 1.9809876943 1.11
Ni 1 1.9807071954 1.46
Fe 2 1.98022828017 1.27
Fe 1 1.97895309239 1.58
Fe 1 1.97742883769 -0.1
Mn 1 1.97734629334 1.18
Cr 1 1.95864608045 1.83
Cu 2 1.95841206988 0.06
Ce 1 1.95806777972 0.96
Ce 1 1.95702573435 0.35
Fe 2 1.9565647469 1.42
Cr 2 1.95593142242 0.88
Ni 1 1.95585965872 1.26
Mn 3 1.95430573459 1.53
Cu 2 1.95340098234 1.61
Fe 2 1.95235236104 1.23
Y 1 1.95146820978 0.54
V 1 1.95095753138 0.41
Fe 1 1.95055480273 2.66
Ti 1 1.94983940813 2.03
Ni 1 1.94918699034 0.99
V 1 1.94871645591 0.12
V 2 1.94855590862 1.14
Fe 1 1.94809870333 1.35
Fe 1 1.9479999151 1.02
Fe 2 1.9474518998 0.87
Fe 1 1.94679817172 1.2
Mn 1 1.94653987016 0.01
Ni 1 1.94626936371 1.29
Fe 1 1.94596176444 1.16
Ni 2 1.94385704415 0.43
Fe 1 1.94309797204 0.68
Ca 1 1.94219413438 1.0
Ni 1 1.94190678792 0.97
Fe 2 1.94166530924 1.44
Fe 1 1.94158414193 1.23
Ce 2 1.93951265216 1.09
V 1 1.93918850367 -0.81
Ce 2 1.93725034386 1.16
Fe 1 1.93715699936 1.42
S 1 1.93551276816 0.56
Si 1 1.93504857221 1.41
Fe 1 1.93482692426 1.87
Fe 1 1.93389716069 1.08
Fe 1 1.93373135177 1.18
Ti 1 1.93356986017 1.5
Ni 1 1.93284490006 1.53
Si 1 1.93272672032 0.89
Fe 1 1.93214208892 0.96
V 1 1.93132247025 0.62
Ni 2 1.93123118306 1.18
P 2 1.93080811485 1.02
U 2 1.92975649728 0.77
Si 1 1.92914734777 1.62
V 1 1.92795824143 0.74
Fe 2 1.92740914761 1.82
Si 1 1.9271801073 0.95
Fe 1 1.92629426187 0.73
Ni 1 1.92590906091 1.01
Ca 1 1.92549531598 1.13
Fe 3 1.92330804183 1.65
Fe 1 1.92229018401 2.18
Fe 1 1.92217631851 2.12
Fe 1 1.92177600465 1.66
Cr 2 1.9215463618 1.39
Sc 2 1.87724147304 1.0
Cr 1 1.8765697591 1.78
Fe 1 1.87626501793 1.48
Fe 2 1.87595687847 1.83
Fe 3 1.87580870669 0.76
Fe 1 1.87145234964 0.77
Cr 2 1.8707391518 0.34
Mn 1 1.8698063797 1.19
Fe 2 1.86935909118 1.55
Ca 1 1.86908424175 1.09
Fe 1 1.86898983429 1.66
Fe 1 1.86888864377 1.37
Ni 1 1.86860262065 1.03
Si 1 1.86844412758 0.78
Cr 2 1.86809067101 1.56
Ni 3 1.86731452461 1.48
Ni 1 1.86621049785 1.31
Mn 2 1.86528326569 1.62
V 2 1.86495723315 0.97
Ce 3 1.86334879742 1.09
Cr 1 1.86287424366 1.15
Fe 2 1.86132327571 1.11
Fe 1 1.86066136178 0.84
V 2 1.86017450785 0.84
Cr 1 1.85955188641 1.18
U 2 1.85946830071 0.97
Fe 1 1.85660822593 1.1
Ni 1 1.85601078675 0.56
Fe 1 1.85397087167 0.74
Ce 2 1.85160812717 0.37
Fe 1 1.85152802292 0.61
Ca 1 1.85138752957 1.7
Fe 3 1.85087662541 0.26
Fe 1 1.85074639604 1.17
Fe 1 1.84952363185 0.92
Fe 1 1.84910043351 1.82
Fe 1 1.84766334623 1.69
Fe 1 1.84691086108 1.7
Fe 1 1.84672143608 1.28
Tm 2 1.84626915484 1.12
Fe 1 1.84603700179 0.94
Ca 1 1.84563924092 1.01
Cr 1 1.84449581678 1.69
Fe 2 1.84388580262 1.26
V 1 1.84353186142 1.19
Fe 1 1.84317270931 1.54
Mn 1 1.84169542114 1.23
Fe 1 1.84139808706 2.5
Fe 1 1.84007728042 1.47
Fe 1 1.84001677632 0.29
Fe 1 1.83965724949 1.17
Si 1 1.83908229728 1.17
Mn 1 1.83867374454 1.09
Fe 2 1.83855487992 0.87
Fe 1 1.83790150849 1.76
Cr 1 1.83712150751 1.51
Fe 1 1.83675927495 1.5
Fe 1 1.83606484712 1.97
Fe 1 1.835859995 1.79
Fe 2 1.83485299552 0.94
Sc 1 1.83350806787 1.11
Ni 1 1.83197689296 1.43
Fe 1 1.83147065766 0.85
Fe 2 1.83109406179 1.61
Ce 2 1.83074866661 0.93
Ni 2 1.82988705858 0.47
Fe 1 1.8293753913 0.24
Ni 2 1.82903332669 1.01
Cr 1 1.82874744671 0.94
Ca 1 1.82807249335 1.08
Fe 1 1.82779166438 1.27
Si 1 1.82767644331 0.23
Mn 2 1.82753564827 1.28
Ni 2 1.82728429687 1.18
Fe 1 1.82682584776 0.72
Ca 1 1.8258090009 1.73
Fe 1 1.82510534792 1.2
Ni 2 1.82442343444 1.28
Cu 1 1.82370823897 0.95
