5.668685219269207209e-01
6.684250988227660173e-01
2.842368831087469516e-01
4.707751959372785677e-01
3.167391271583994694e-01
4.156298043413215737e-01
4.762318750734522155e-01
4.832925453625875889e-01
4.979348285241513850e-01
3.190304349453469968e-01
4.189114697688296474e-01
4.848422089934132373e-01
4.738135698442107469e-01
4.404685599028539400e-01
4.308268915075075256e-01
7.732187303329141059e-01
3.064842067516337920e-01
6.703337641147015802e-01
5.293661253894867968e-01
3.724002086615030294e-01
6.561116462191023402e-01
7.048100911085697362e-01
4.186725942628441999e-01
4.365617162190176259e-01
3.917931988844713942e-01
5.470738432140791474e-01
7.331838553178613438e-01
6.615285363367320315e-01
6.162231627314724847e-01
4.160693385212965723e-01
4.874862764792595726e-01
4.886183009283371348e-01
3.898969751737979550e-01
4.093652712402331417e-01
3.731332104561033702e-01
7.789229863554112399e-01
3.464748521514735558e-01
6.007595604502284914e-01
6.356725289032567616e-01
4.414892637025644717e-01
7.667697118797889289e-01
5.947348976100812479e-01
4.281318875309239047e-01
4.345424027332569494e-01
3.902466964744917277e-01
5.691378826550277381e-01
6.992982709524397933e-01
7.054492439370250167e-01
4.554771079444037696e-01
4.409211908182442130e-01
5.560270160794971162e-01
4.418577248709141259e-01
5.336722449082742514e-01
4.729574650449706041e-01
4.565633912058899568e-01
8.374008390454719120e-01
4.303912915326151278e-01
7.926965621481372182e-01
6.002173272217277145e-01
3.981379862484999421e-01
7.437819494777215823e-01
5.495396754207320100e-01
4.312550131347165916e-01
4.224765385232132076e-01
3.710809282310663093e-01
5.865309656139032768e-01
6.383223544041385367e-01
6.200273454208087287e-01
6.076238697726807914e-01
4.574872774390854602e-01
5.153583892270887645e-01
5.278842270779193768e-01
4.917926172824564901e-01
5.151135301062481631e-01
5.978919395692230410e-01
7.793500915931304007e-01
3.435843636155055947e-01
6.582133078737655296e-01
5.568122849055896495e-01
2.974070595776083792e-01
3.864849587179861601e-01
5.466751651603942719e-01
5.491118055575157086e-01
3.815959049354091803e-01
4.155354280025989056e-01
5.955931018790749931e-01
6.261519735059835057e-01
5.335086779191442474e-01
4.312226980137836563e-01
4.510849042388258567e-01
4.958220313500021348e-01
6.686782009656582204e-01
5.102895619529874693e-01
5.367622074318774139e-01
6.117130872956977328e-01
6.314634302913191277e-01
4.904410885859107339e-01
7.496435323875658696e-01
2.946183560911492805e-01
5.351649299658589598e-01
4.539254167805495399e-01
6.298541606699501472e-01
5.662953267915753486e-01
4.193262169541753792e-01
4.805672270114484945e-01
5.132046010600248565e-01
5.997284332606369617e-01
4.784207795655675000e-01
5.863562369034127641e-01
6.557342944115163164e-01
5.292756348642768671e-01
6.357548384656439566e-01
5.620147843302021329e-01
5.468398452502043483e-01
6.183876095493303637e-01
6.382717714247831964e-01
4.488389680672213444e-01
7.380665043719432106e-01
4.313486505890580247e-01
4.605913237765832946e-01
5.927509655971334723e-01
5.381365546298724212e-01
6.181670226265509882e-01
4.730692443494604049e-01
4.716182657681429191e-01
5.356540390422424025e-01
6.704671994221484965e-01
4.049584008676276881e-01
6.098746151774605551e-01
5.572024691031458588e-01
6.542208860047367125e-01
5.980645021360260216e-01
5.153783333517623078e-01
6.409319425975326112e-01
8.130432086571488526e-01
6.305127236617522613e-01
4.990541155450216593e-01
6.653555349095228166e-01
6.456422963350121336e-01
4.755012424122213588e-01
3.729373256005885651e-01
5.889333065018149682e-01
5.605842420952882321e-01
4.787678813082010265e-01
3.680467528895263740e-01
6.447074485739392458e-01
7.041443837438521314e-01
4.443098206217968027e-01
6.056563580830811588e-01
6.291465843685983828e-01
6.913634024165418168e-01
6.647867289973845573e-01
5.436091511587761715e-01
6.689837604599517817e-01
5.789161640269213649e-01
7.107264764890430797e-01
6.269213441192817982e-01
5.699807331960897727e-01
6.480263631007545655e-01
4.460472635827557042e-01
6.663724851586323439e-01
5.976727565141999321e-01
5.077435745565708203e-01
4.512157044141957840e-01
5.250777447323571323e-01
2.875754399802161743e-01
5.372577876991897483e-01
3.063306021043388228e-01
4.148348159556576320e-01
4.987599887159888112e-01
6.789153635785112328e-01
6.496099415550276035e-01
7.267777505752235356e-01
6.055875004774833315e-01
3.884088936601415298e-01
6.323253614460071503e-01
4.850689909776804143e-01
4.538652261476130434e-01
4.445304180000135830e-01
7.530980838189691440e-01
7.150081144284001766e-01
5.413739792136880169e-01
5.443389948853791793e-01
4.206115116677722199e-01
7.741018200506601943e-01
3.559181603729371091e-01
5.009039928020229127e-01
3.712128480055696400e-01
4.964281199932969457e-01
6.276493807406637870e-01
6.345950463530840580e-01
6.245157030712675805e-01
8.259792165305555045e-01
7.102076091472468988e-01
3.831896669899492736e-01
7.397353349193025451e-01
5.302333690012375200e-01
3.865248990783669569e-01
4.380976255468311820e-01
6.375625310302552862e-01
