7.624071676922856966e+01
7.574663844319091766e+01
7.533376689147127081e+01
7.601812652843517526e+01
7.692875864653403539e+01
7.509904996471729532e+01
7.534037417677792803e+01
7.402589511086870289e+01
7.417151195790125939e+01
7.382393491093078808e+01
7.404655919209920967e+01
7.357582821404892570e+01
7.263010005309594419e+01
7.269687389511422282e+01
7.193437471185643517e+01
7.211815647346705305e+01
7.210227694844299151e+01
7.134555634885778375e+01
7.266389537311000879e+01
7.191368325374510562e+01
7.392649086896426525e+01
7.345718575705136288e+01
7.258799937175228933e+01
7.305789000188303817e+01
7.220567968685158178e+01
7.228626808688355254e+01
7.223166641589718040e+01
7.117947688582134447e+01
7.260202884469146056e+01
7.180040589174623733e+01
7.210747100456758574e+01
7.213479575380985409e+01
7.227209232522790217e+01
7.194898596914497091e+01
7.204459974664320043e+01
7.158764426827096372e+01
7.224118549975409564e+01
7.274182115837724893e+01
7.255065811548341514e+01
7.290535746175787324e+01
7.200649900497406009e+01
7.195752853325063825e+01
7.220871566343309667e+01
7.236235635024118551e+01
7.233331081973143739e+01
7.171376135606595881e+01
7.235724148706883341e+01
7.262276533544164181e+01
7.254830149952063323e+01
7.284603094326223527e+01
7.282623864033155314e+01
7.193645053532038958e+01
7.270574484501635482e+01
7.188910034888618839e+01
7.174113107161183223e+01
7.243975009134868515e+01
7.245968998766858249e+01
7.280389418786705846e+01
7.345171117741394085e+01
7.305408726455601709e+01
7.272257979152425378e+01
7.180177954356219061e+01
7.266837732168427522e+01
7.227238281136520470e+01
7.198712609412444863e+01
7.263387042097311053e+01
7.256896381065135415e+01
7.263970163912128442e+01
7.344886375940087930e+01
7.302539856952033404e+01
7.338905778416055625e+01
7.340416565946834737e+01
7.176774054027571026e+01
7.103363970088813062e+01
7.110043265761063935e+01
7.141975192287318919e+01
7.199734840856200435e+01
7.190043113356190929e+01
7.350168743005015415e+01
7.394617096981438920e+01
7.340954035844650605e+01
7.332428033566075953e+01
7.160848888611648988e+01
7.142635844402060741e+01
7.099577467295935662e+01
7.149564414235877052e+01
7.227972896596587304e+01
7.167076135895864297e+01
7.332433532244073149e+01
7.410553626270508687e+01
7.435777932750528407e+01
7.320984530802250845e+01
7.310840660901608601e+01
7.252441001238872786e+01
7.166169715888131009e+01
7.222374087422825539e+01
7.229208546299642535e+01
7.161487947571028201e+01
7.050262586661747832e+01
7.222630896802810696e+01
7.432332639750541148e+01
7.293222478174261880e+01
7.293650056815445737e+01
7.284106153846981613e+01
7.161900604936001002e+01
7.218282063759833989e+01
7.241902311333520004e+01
7.147523559702796092e+01
7.055079526916678390e+01
7.220096165565195179e+01
7.204693259013261297e+01
7.065091440843848147e+01
6.986258058775844404e+01
6.976507818926822324e+01
6.795412255749249653e+01
6.835888309558366416e+01
6.818072874646475157e+01
6.784809513337539499e+01
6.803921948738286574e+01
6.860503010978960958e+01
7.198220099771711489e+01
7.033379411111876323e+01
6.979312197625633019e+01
6.997399057750682516e+01
6.786921379506856056e+01
6.833829924077006979e+01
6.831695497630941816e+01
6.758171610199569557e+01
6.805518141277673294e+01
6.856145477475051564e+01
6.884567563507079058e+01
6.809839727574244250e+01
6.785446063113531068e+01
6.802713622998000176e+01
6.835540871371388505e+01
6.797307672289704783e+01
6.798366216585355915e+01
6.699450379408045819e+01
6.664560148182063415e+01
6.690523835601452163e+01
6.879746442402850448e+01
6.774937956850104115e+01
6.779596317364214997e+01
6.825461706902861181e+01
6.826376719220991163e+01
6.790205978186185121e+01
6.815505711969210267e+01
6.675237637709901151e+01
6.662782044528569259e+01
6.684993218940113024e+01
6.729522748214787953e+01
6.831264977156617135e+01
6.833213807184246491e+01
6.707916987399492825e+01
6.618735126643369426e+01
6.545879419336846183e+01
6.581063492811517790e+01
6.609282652312873552e+01
6.638136463573606250e+01
6.648720115461465241e+01
6.710017422758160421e+01
6.814081612176643432e+01
6.826885407747892032e+01
6.694917758556601939e+01
6.629259058174909569e+01
6.523198843938601499e+01
6.542841834137188073e+01
6.646798457469712673e+01
6.638135584948143730e+01
6.643300565042311234e+01
6.735024304041841958e+01
6.765103427054134499e+01
6.691090886537392635e+01
6.842355865722802832e+01
6.929799085574977369e+01
6.911613667659474913e+01
6.824350560542508504e+01
6.788928473915110828e+01
6.812024099473045169e+01
6.909923472204606298e+01
6.732840372920826155e+01
6.768366850975087345e+01
6.694570116272450377e+01
6.841265239488680550e+01
6.900203245182724743e+01
6.904798663270815950e+01
6.773827225898632776e+01
6.822749559233737671e+01
6.786925767503602458e+01
6.887829851871120468e+01
6.900097896428877675e+01
6.943751443717846428e+01
7.069007984743988970e+01
7.123425952548143414e+01
6.997050562676594154e+01
6.924091289567392948e+01
6.991990962843742352e+01
6.904223565710044852e+01
6.895096526765523492e+01
6.867306484325352756e+01
