3.108595936190202025e+00
3.108218812006144471e+00
3.109111227571518032e+00
3.110261227427857822e+00
3.111860778603354305e+00
3.109407591114208280e+00
3.109113277691398558e+00
3.109362528524350022e+00
3.107868287481547753e+00
3.110014140944779903e+00
3.109451438836851267e+00
3.106614372798354839e+00
3.106153203430797483e+00
3.110718773857543251e+00
3.110284948664849392e+00
3.110724668260675507e+00
3.111539121662523666e+00
3.111736751876608587e+00
3.110993042080133719e+00
3.110717026521923945e+00
3.110163982302927899e+00
3.106839500422120537e+00
3.106292661355662954e+00
3.110613365853611700e+00
3.110552420760596348e+00
3.110527246903827869e+00
3.111643406150707669e+00
3.111721649852676741e+00
3.110378922888363817e+00
3.110719765229902123e+00
3.111776480052138361e+00
3.108035358103739654e+00
3.105185014757686712e+00
3.105527800497199564e+00
3.104816149790655011e+00
3.104816756792362575e+00
3.102549676505712561e+00
3.100950188010155539e+00
3.099697033426703108e+00
3.099307630705947503e+00
3.112403581471630876e+00
3.108260826480815364e+00
3.105293587655729048e+00
3.105435610661125612e+00
3.105058094996613782e+00
3.104588241414563576e+00
3.102689033166358801e+00
3.100826987169640336e+00
3.099035437019836525e+00
3.099326618187046023e+00
3.098632695052939479e+00
3.099596767041505441e+00
3.100854919725794634e+00
3.101764075318806047e+00
3.099916915769364234e+00
3.102013483076487610e+00
3.102332603105718345e+00
3.101851251680793453e+00
3.100863943554104996e+00
3.101482307252145354e+00
3.099176919630935334e+00
3.099801230499298121e+00
3.100956102320256313e+00
3.101616616455093123e+00
3.100109534377052167e+00
3.101792294241132009e+00
3.102446917845194108e+00
3.101627845106686987e+00
3.100171528468973925e+00
3.101488016417476956e+00
3.100837937325617411e+00
3.096033089437040697e+00
3.094074437086038021e+00
3.095219759776681290e+00
3.095592980736066036e+00
3.095863929246427837e+00
3.095194553447882857e+00
3.093838046380156470e+00
3.091651918549922051e+00
3.091539857105939149e+00
3.100865271516043631e+00
3.096172719689523234e+00
3.094240956322217517e+00
3.095063594762913706e+00
3.095626993631871215e+00
3.095707937677320665e+00
3.095316580851997124e+00
3.093402830289631478e+00
3.091385832318741311e+00
3.091672980842568919e+00
3.093828916996475886e+00
3.094266005958667520e+00
3.094007385570606061e+00
3.092695958987253135e+00
3.089513661825854296e+00
3.090167327017837362e+00
3.091136146961354303e+00
3.094870674167619296e+00
3.094685396415095990e+00
3.096361114370167034e+00
3.093362449663262126e+00
3.094452602381310147e+00
3.094088534469837448e+00
3.092874710609097022e+00
3.089549459923909058e+00
3.090243394068730609e+00
3.091390873910302872e+00
3.094632712808969899e+00
3.094612858269596867e+00
3.096649815801757022e+00
3.096961071937634369e+00
3.097107774657500645e+00
3.093577007970325976e+00
3.095508069009383689e+00
3.095379480186306154e+00
3.097148062733534601e+00
3.094799027796293345e+00
3.096262989425977885e+00
3.096170573829299943e+00
3.096423487184982282e+00
3.096473930049672418e+00
3.097283887939907387e+00
3.093705732295408239e+00
3.095707979304685331e+00
3.095451407065887839e+00
3.097282176729795555e+00
3.095005641724131173e+00
3.095954202156566915e+00
3.096049738114692307e+00
3.096746423364758805e+00
3.096380364179314615e+00
3.096697934339411429e+00
3.098905297135216674e+00
3.100278531733828835e+00
3.100117552980981905e+00
3.101442334706087323e+00
3.100945095610392332e+00
3.100271180231072954e+00
3.101835027406784295e+00
3.100255531470635262e+00
3.095919579955281442e+00
3.096814677802916194e+00
3.098998969400680092e+00
3.100513684044118978e+00
3.100126933364301784e+00
3.101522755345877513e+00
3.101148167185165061e+00
3.099987207161767788e+00
3.101671260505336036e+00
3.100575387264987715e+00
3.099381881295313779e+00
3.097898325885351856e+00
3.092167209649869797e+00
3.098264677159581204e+00
3.101502117472634712e+00
3.102798187937267915e+00
3.100332504826316615e+00
3.099521578599878424e+00
3.099127380329130155e+00
3.102644721831559149e+00
3.098872727868445143e+00
3.098075231399771923e+00
3.092238844892041705e+00
3.098198685520951567e+00
3.101334891936703642e+00
3.103358263175449494e+00
3.100282286442004320e+00
3.099722898941928761e+00
3.099248868021288850e+00
3.103194879244158155e+00
3.103309677640124775e+00
3.104736211456597506e+00
3.107286280800297895e+00
3.108598549679399525e+00
3.110442225516119930e+00
3.110971015681579299e+00
3.114102010112529406e+00
3.115260903011636273e+00
3.116352944205443620e+00
3.115652894647266802e+00
3.102729114628631990e+00
3.104920547937668918e+00
3.107225619111885440e+00
3.108490068537693052e+00
3.110121445325525702e+00
3.111237775498568059e+00
3.113906326493152577e+00
3.115474209204765366e+00
3.116521536059532416e+00
3.116114745466794123e+00
3.116082271663422443e+00
3.115080944441102062e+00
3.117082780186018809e+00
3.118341410341152642e+00
3.115169700373097594e+00
3.115668120822268072e+00
3.112960229235606668e+00
3.112719683134404391e+00
3.113270620595989691e+00
3.112310614380804807e+00
