8.038772266804107280e-01
9.841976699265659878e-01
6.403897778826160847e-01
7.981015713308908799e-01
6.747549106430669186e-01
6.460874386322771334e-01
8.147707755477753278e-01
7.784961119927610307e-01
7.060933787467268408e-01
6.953276177640216327e-01
6.274671936563310792e-01
7.737038738364354629e-01
7.247256106997763681e-01
6.903648558319707140e-01
7.114404827190624614e-01
8.244248995496987753e-01
6.706999945741733971e-01
7.721294526639085332e-01
7.726477662519152245e-01
6.696700715306759255e-01
8.347536637030215090e-01
9.569369065097974580e-01
6.670648607933603591e-01
8.484860866702054194e-01
6.901497578325677118e-01
6.387412435127356458e-01
8.187515757263953420e-01
7.885934392642199864e-01
7.814236426716131279e-01
7.330017362222986943e-01
6.179383529950691623e-01
7.504662583820755906e-01
7.253110623607628149e-01
6.736729634473770378e-01
7.144011814272857031e-01
8.611368570075007556e-01
6.787458837218670604e-01
8.109934965431829790e-01
7.584535300283598014e-01
6.413145938778705979e-01
8.875793013302616385e-01
9.401603869797653390e-01
7.014951716619546307e-01
8.454620316548414616e-01
7.024190515416337544e-01
6.507985075665414509e-01
8.789556436423506813e-01
8.182763799235942548e-01
7.772431192957646173e-01
7.497292574330463033e-01
6.564335334351723006e-01
7.345830778091034796e-01
6.983443956734405322e-01
6.832569444232485800e-01
7.080511087032018702e-01
8.907710261482533198e-01
7.016528938892484524e-01
8.507997405969741633e-01
7.582911459181460589e-01
6.466850862727255844e-01
8.994334188532240315e-01
9.612554762732281599e-01
7.682281358119035231e-01
8.975781621871524729e-01
6.964060768401688639e-01
6.825060762531174330e-01
8.682540685492914356e-01
8.405330288330248312e-01
8.164898155055427820e-01
7.808496402236323464e-01
6.830400835173799923e-01
7.739758982959473732e-01
7.284641999386536337e-01
7.224437150437374999e-01
7.144764576193167738e-01
8.296603429538513819e-01
7.291704296573348065e-01
8.104914545431549655e-01
8.222253297116396409e-01
6.629359061932903474e-01
6.012981685521578967e-01
8.422186431682761043e-01
7.059519831927835165e-01
6.756858272724777237e-01
5.906275410574844953e-01
8.952003731143673981e-01
8.124740011848560206e-01
7.309797930604645666e-01
9.752699585066222365e-01
7.964216374526327247e-01
7.701856943782554588e-01
8.486067274196547050e-01
6.984951321241036348e-01
8.317152814378275805e-01
7.979617469461617318e-01
8.315346866849452345e-01
7.241941437709070728e-01
1.012098186717370396e+00
7.542824234853706677e-01
8.222475606787688074e-01
6.028466590436335482e-01
8.563641219757309742e-01
7.482322461143099401e-01
6.695304687406393729e-01
5.945727826860377485e-01
9.577893952713130155e-01
8.658691412744978777e-01
7.290901638741795754e-01
9.804202701593082159e-01
8.520072856638808423e-01
7.963025292388478116e-01
8.677047350833082540e-01
7.226068515547727777e-01
8.006515954315931438e-01
8.449722118667374327e-01
8.448867770656108833e-01
7.355374984835563179e-01
9.639955713001125970e-01
8.223073950114327957e-01
8.576154720920737828e-01
6.740057461058812649e-01
8.939446016435178555e-01
7.650018847116470955e-01
6.840072094160116745e-01
5.889851692875871514e-01
9.678423967903643232e-01
8.643576930238912048e-01
8.224409491191837507e-01
9.955917049681093367e-01
8.615548216424615546e-01
8.224431720871169249e-01
9.139119598383143028e-01
7.397458293995298195e-01
8.834910988603330573e-01
8.740233421587567664e-01
8.316726992091918458e-01
7.984254461677248171e-01
1.003250994778221550e+00
8.588999877989151877e-01
8.482335334600797916e-01
6.876106107665788114e-01
8.988187697341381011e-01
7.749603936511375579e-01
7.172187699349485968e-01
6.182419257727971296e-01
9.840226098630538987e-01
9.042194281361379815e-01
8.686043881439753367e-01
1.032399688142404015e+00
8.482900316443355848e-01
8.542595753665745972e-01
8.923320879525675764e-01
7.480861878702751433e-01
8.714899868074158507e-01
7.857838523120698193e-01
8.421508532586895468e-01
8.195226698912124741e-01
9.836716174892912168e-01
8.058442282704262327e-01
8.454813466540687106e-01
9.035586732358339423e-01
9.565122870763880236e-01
5.624837445323850327e-01
6.425097394364772674e-01
7.426808422443242907e-01
6.998032871738613103e-01
7.105931901916233695e-01
5.458051019336721543e-01
8.558730647165906369e-01
7.862864390671081560e-01
9.117457807659957725e-01
9.738383652120021772e-01
8.878657399379500381e-01
9.393674430653777829e-01
7.073140170156669848e-01
9.576577019040091177e-01
7.970799476746869283e-01
8.643789982607587019e-01
7.596067025250760052e-01
8.384334471775499731e-01
9.553306568386160658e-01
1.021421774011957773e+00
5.929198174357893647e-01
6.054159351852720361e-01
7.725170775587262284e-01
7.113717826586379855e-01
7.763599263677600781e-01
5.296522797101004265e-01
7.917107244943352162e-01
7.889368964625700364e-01
9.295462496562982846e-01
1.004873745750977099e+00
8.535786610115595474e-01
9.189112036878547274e-01
7.347297618800286978e-01
9.924102082724528540e-01
8.760401258780773359e-01
8.583619151361887578e-01
7.927536471242696559e-01
8.475202195095935531e-01
