3.108208821048257050e+03
3.108098946610269650e+03
3.109123286344084590e+03
3.110110094531898994e+03
3.111726784830647375e+03
3.109474492929276948e+03
3.109136562421438157e+03
3.109234435698537709e+03
3.108357163959686204e+03
3.109975398224238234e+03
3.109745262878323047e+03
3.106724019212679195e+03
3.106326526153351551e+03
3.110457362529025886e+03
3.110419365056623064e+03
3.110584494668996740e+03
3.111683433105248241e+03
3.111588109829431687e+03
3.110869918037987190e+03
3.110723275871767328e+03
3.112032581217597908e+03
3.108193890596068286e+03
3.105372922145296343e+03
3.105308450346368318e+03
3.104919037607499376e+03
3.104655272042114120e+03
3.102735022720924462e+03
3.100733137233096386e+03
3.099558363302227008e+03
3.099329333260812746e+03
3.098848257061217282e+03
3.099744585639995876e+03
3.101037612086932313e+03
3.101505671316008829e+03
3.100000846935006393e+03
3.101866128284584647e+03
3.102529286412258443e+03
3.101549454832615083e+03
3.100707821693645201e+03
3.101492689327917560e+03
3.101051451579759942e+03
3.096143730817841515e+03
3.094271433684309159e+03
3.094931713092607879e+03
3.095645339884675195e+03
3.095714773278251414e+03
3.095412860557700242e+03
3.093537238694209918e+03
3.091505227003098298e+03
3.091581661426620485e+03
3.093544325298419608e+03
3.094370143896489481e+03
3.094098449500318111e+03
3.092719955011452384e+03
3.089567350050862387e+03
3.090281417605507158e+03
3.091450303218055524e+03
3.094718905966617967e+03
3.094711154590629576e+03
3.096508300545338898e+03
3.096658978107076109e+03
3.097192901481128501e+03
3.093695597122561594e+03
3.095537080146481912e+03
3.095504697061619936e+03
3.097294321357098852e+03
3.095051870292261356e+03
3.096095604436249232e+03
3.096140940301759656e+03
3.096617143022503569e+03
3.096086643319000359e+03
3.096786993804423673e+03
3.098976812875678661e+03
3.100345008205858903e+03
3.100236318884597949e+03
3.101580207054007587e+03
3.101198190556747704e+03
3.100121939661105444e+03
3.101778170226831662e+03
3.100407931851582362e+03
3.099029316045299765e+03
3.097915962196413147e+03
3.092198354907878638e+03
3.098345416055674832e+03
3.101652269759854789e+03
3.102907413034245110e+03
3.100613611908199800e+03
3.099421597648434272e+03
3.099061098932964342e+03
3.102727896725550181e+03
3.102924340818914970e+03
3.104788101728691345e+03
3.107224542069433937e+03
3.108678195384638457e+03
3.110460608013388082e+03
3.110741273474246100e+03
3.114213937773668931e+03
3.115152375976449093e+03
3.116412861558325858e+03
3.115642466291082656e+03
