5.272917787935540446e-01
5.212416189767310470e-01
5.192121593004443980e-01
5.196969601074243883e-01
5.210062819539160728e-01
5.187200757569172538e-01
5.360499563874583373e-01
5.115340109960797577e-01
5.412240434410122703e-01
5.178921222104051481e-01
5.325188819836768062e-01
5.126179207213468203e-01
5.393708858779504567e-01
5.233175335337065803e-01
5.407826024789272878e-01
5.180719015825943075e-01
5.459313565962844450e-01
5.219945543385833275e-01
5.463121705362823377e-01
5.117479774068272036e-01
5.464562733443329989e-01
5.098264853076202030e-01
5.439286882591218841e-01
5.065704200833920368e-01
5.420721921505560204e-01
5.155887761331001684e-01
5.390585730834587253e-01
5.229334580329947357e-01
5.213972607539005821e-01
4.923131767131465608e-01
5.246103673830333491e-01
4.969516215599441011e-01
5.216536352790797082e-01
5.052153863371628972e-01
5.132302788935518834e-01
4.992090492460050655e-01
5.109376820310842504e-01
5.026810158274273022e-01
5.103084893796179244e-01
5.093836966152451851e-01
5.109971639291259748e-01
5.114138787750164283e-01
5.248119353666567122e-01
5.134499851850051755e-01
5.182951232081833837e-01
5.123469351677059080e-01
5.286798106243466577e-01
5.147851676607331228e-01
5.247323337994629355e-01
5.077698913891737220e-01
5.439589971089233700e-01
5.159356481568480035e-01
5.580659030516770258e-01
5.140287861718348950e-01
5.365812728710892543e-01
5.257565256991725278e-01
5.495079051283298099e-01
5.337064111982670056e-01
5.553570865809049906e-01
5.493869606811543349e-01
5.553480045640455387e-01
5.486287453145237691e-01
5.737698139744438208e-01
5.439230272573922775e-01
5.640547737284293817e-01
5.517300994537563952e-01
5.704672443066201026e-01
5.459255195718029086e-01
5.638839616806237132e-01
5.510597435147559509e-01
5.662842364181130961e-01
5.561414624672877949e-01
5.864739266376659543e-01
5.435913464672665896e-01
5.900948067237195005e-01
5.505023425782766822e-01
5.874324251771056993e-01
5.588172951268290944e-01
5.891163110967880812e-01
5.568821810631021663e-01
5.777811743571135139e-01
5.490931039273192482e-01
5.902366713862150505e-01
5.583591012956219402e-01
5.646908037754059251e-01
5.566319583584800057e-01
5.677873245357645260e-01
5.647301177965573515e-01
5.706153907754298871e-01
5.708767583961389391e-01
5.654717858801490138e-01
5.674469476057169004e-01
5.732647524875673639e-01
5.708327208697099309e-01
5.870056595972030777e-01
5.797741236121183306e-01
5.819323859992664438e-01
5.911128927751150286e-01
5.663035195325463178e-01
5.833661568361847571e-01
