7.706436400624939731e-01
7.560715976427039298e-01
7.726891533782331845e-01
7.598620145073733401e-01
7.762441325091499200e-01
7.584745786260125300e-01
7.757695058663209853e-01
7.629599194266829532e-01
7.787850763373657115e-01
7.642385752819369493e-01
7.836351854531233840e-01
7.654245143903699589e-01
7.854598372672949580e-01
7.712761659943189185e-01
7.867572560144003857e-01
7.712300167883647806e-01
7.874672840739055379e-01
7.740568218931265232e-01
7.904881051353019883e-01
7.768199171645365775e-01
7.899383576378486982e-01
7.765092519452794217e-01
7.936344258927150452e-01
7.792995401684322809e-01
7.963065189405520439e-01
7.810464445546366763e-01
7.983324055057532398e-01
7.832014009087029383e-01
7.972048388612296144e-01
7.822587441729816904e-01
7.966696703045305084e-01
7.876403662097583025e-01
7.969354430075544782e-01
7.895636371834497957e-01
8.011067978189737593e-01
7.892143772945574565e-01
8.014997411062712018e-01
7.902116017601230613e-01
8.049762130293349749e-01
7.950167953753511929e-01
8.082880102438628755e-01
7.985414069427102524e-01
8.129278014807040931e-01
8.069972887534191397e-01
8.215108051173813930e-01
8.122500373914502969e-01
8.255445518997439613e-01
8.150318328836354542e-01
8.263245562499370589e-01
8.157056532673713223e-01
8.306825468278759006e-01
8.165588399800087771e-01
8.333733914764321904e-01
8.210754884412605481e-01
8.318914018439580449e-01
8.247591911383540531e-01
8.339946599855444509e-01
8.276449908754144325e-01
8.374818072622656207e-01
8.301577111812395993e-01
8.385512534753870595e-01
8.316991145444253553e-01
8.424318177730852897e-01
8.340598755912139728e-01
8.449854868487834958e-01
8.370564153898021331e-01
8.434974074181997850e-01
8.400616086656221837e-01
8.457433610774474086e-01
8.426995647103612264e-01
8.463688457884527283e-01
8.463769341313903682e-01
8.499256962110827152e-01
8.482307858866831030e-01
8.583646531291194703e-01
8.502027356137761283e-01
8.583777017058561443e-01
8.533140770933632657e-01
8.579766632133013493e-01
8.581570378581605540e-01
8.564693274410846158e-01
8.584049758631018268e-01
8.571605466070572055e-01
8.629873391535147764e-01
8.576273856088558745e-01
8.686032086315600420e-01
8.638950461963009753e-01
8.754385597602190039e-01
8.661672833588694997e-01
8.788174248954501167e-01
8.711405523440189924e-01
8.798670403400646878e-01
8.755560816974804483e-01
8.878509505425051795e-01
8.838890561034586923e-01
8.882752012039478728e-01
8.867378380511914404e-01
8.917286108069804040e-01
8.911755778122822935e-01
8.924199445821290322e-01
