7.624224939876732776e+01
7.589316718943621254e+01
7.517771065548674869e+01
7.582538246472716992e+01
7.668341731708116527e+01
7.506586157240199952e+01
7.523011624891526594e+01
7.421449169427816628e+01
7.419436551334067076e+01
7.399480865029238430e+01
7.392256997824482312e+01
7.359927250302966684e+01
7.245713332824981023e+01
7.283852241910845748e+01
7.201566579683266411e+01
7.228253096552731449e+01
7.214581213093644863e+01
7.135617668880074405e+01
7.264350805890134666e+01
7.194311930288733947e+01
7.199728693754533992e+01
7.213588344656459128e+01
7.212491364346428213e+01
7.208471294145498121e+01
7.214492753654334933e+01
7.174109537703868966e+01
7.227376769708315862e+01
7.277982904500152017e+01
7.253552616005796949e+01
7.299662818467454883e+01
7.269764479370726917e+01
7.196157035359746601e+01
7.259024481403672269e+01
7.200240966883818317e+01
7.182983019737892505e+01
7.259298905673850300e+01
7.248140857045450502e+01
7.278429546240136006e+01
7.341437849780112401e+01
7.315221650359787020e+01
7.331478156714786110e+01
7.342745173650064316e+01
7.164931810375486521e+01
7.111618848433502649e+01
7.120434046157807018e+01
7.154549127662217245e+01
7.197965062010077020e+01
7.182986016311399169e+01
7.350045328251184173e+01
7.407173212284871511e+01
7.418287730225475229e+01
7.304751125166490056e+01
7.300935349704064947e+01
7.256729300385349291e+01
7.186755854995099924e+01
7.217185080086147764e+01
7.213515707964938883e+01
7.165696730328481578e+01
7.071476028051287699e+01
7.212812437065855420e+01
7.184358351940439036e+01
7.047383560563814342e+01
6.981783795961177930e+01
6.975860621710234000e+01
6.811527609470672928e+01
6.831663950097234306e+01
6.800493333382237893e+01
6.783934609559190676e+01
6.819859096199600401e+01
6.853202226375636030e+01
6.860986445562154756e+01
6.789250640842283246e+01
6.783600929276873615e+01
6.803488478081227697e+01
6.848174703883393022e+01
6.794008929263932828e+01
6.781023698078988104e+01
6.698318219917062777e+01
6.681792134295376684e+01
6.686083872593574995e+01
6.709475589624166503e+01
6.811487552085806385e+01
6.836836913826300588e+01
6.704282055330882883e+01
6.638375721658569262e+01
6.547282148462821283e+01
6.564916845179176619e+01
6.611411800559488938e+01
6.653661167135439314e+01
6.649060681765008951e+01
6.730342823540560460e+01
6.765257617488063602e+01
6.703320576793348096e+01
6.848383367159541990e+01
6.906332358047841069e+01
6.925573919112723331e+01
6.799996845590359840e+01
6.792570292339543414e+01
6.800797688044043809e+01
6.893239568265951789e+01
