-7.372422157313610660e+05
-7.361211257849729154e+05
-7.338395780792435398e+05
-7.325989068403915735e+05
-7.302770137622563634e+05
-7.271647924518458312e+05
-7.249083619290173519e+05
-7.236743346504201181e+05
-7.208289736753772013e+05
-7.191118394048149930e+05
-7.175156301281313645e+05
-7.143066772143437993e+05
-7.113877735487947939e+05
-7.096627185805510962e+05
-7.081042985382463085e+05
-7.079541715845175786e+05
-7.065799967582738027e+05
-7.046405837271037744e+05
-7.014555022041545017e+05
-7.007394909831045661e+05
-6.999968678361322964e+05
-6.969394182321707485e+05
-6.944915378798890160e+05
-6.924992745408189949e+05
-6.903098253865207080e+05
-6.892597653932261746e+05
-6.867934254446143750e+05
-6.849883612366748275e+05
-6.831126062542297877e+05
-6.805205823934620712e+05
-6.787510665430619847e+05
-6.761122723158359295e+05
-6.753088704254032345e+05
-6.729902425889427541e+05
-6.714062160044872435e+05
-6.694223575791218318e+05
-6.685165166977051413e+05
-6.667242981436186237e+05
-6.644924087259427179e+05
-6.641766644784407690e+05
-6.630003859124834416e+05
-6.599826264198361896e+05
-6.564767591401028913e+05
-6.540251764980806038e+05
-6.518719794492722722e+05
-6.499717485937544843e+05
-6.484401994449687190e+05
-6.465726456761672162e+05
-6.432262054827234242e+05
-6.415191005290669855e+05
-6.408260861672724131e+05
-6.386357079147837358e+05
-6.372625808177631116e+05
-6.354562759692257969e+05
-6.326788014317888301e+05
-6.309338876244617859e+05
-6.301813317343104864e+05
-6.269266916668101912e+05
-6.242352956840937259e+05
-6.218890258064160589e+05
-6.215219445080370642e+05
-6.192088799708046718e+05
-6.159395595529507846e+05
-6.136026530617765384e+05
-6.108428901125815464e+05
-6.097374097263055155e+05
-6.072893094753309852e+05
-6.060336134313474176e+05
-6.045541957565926714e+05
-6.015825287719682092e+05
-6.006909987571653910e+05
-5.987294480199494865e+05
-5.949149861095803790e+05
-5.935981634407853708e+05
-5.904155182089725276e+05
-5.884602542314863531e+05
-5.874217144311275333e+05
-5.853174974946277216e+05
-5.840283982009280007e+05
-5.830092324356121244e+05
-5.821282626943045761e+05
-5.798954282251793193e+05
-5.763255716790573206e+05
-5.714877855454125674e+05
-5.678506442577124108e+05
-5.647953715452224715e+05
-5.611767949731458211e+05
-5.595440802741849329e+05
-5.587288335709087551e+05
-5.565925053281325381e+05
-5.542512102402476594e+05
-5.527426926280353218e+05
-5.499989044416381512e+05
-5.464936362209563376e+05
-5.451075185998700326e+05
-5.445152560430464800e+05
-5.411051955972237047e+05
-5.382083549173782812e+05
-5.375581049286887283e+05
-5.348325020433649188e+05
