2.500346781641986221e+07
2.499287000802892819e+07
2.498661642398178205e+07
2.497942828111594915e+07
2.497279791963613778e+07
2.496296874191911146e+07
2.495804121365781128e+07
2.495425612557474151e+07
2.494587642539153621e+07
2.494420767520650476e+07
2.493133076889096200e+07
2.492858099905488640e+07
2.492180419685364887e+07
2.491167260933837295e+07
2.489736299682427943e+07
2.489089235953530669e+07
2.489060869422692060e+07
2.488504039506395161e+07
2.488203543628998101e+07
2.488092516137061641e+07
2.486819858135186508e+07
2.486063563072125241e+07
2.484223493070490658e+07
2.483989329231588542e+07
2.483522640231879801e+07
2.481501873855745792e+07
2.480884358573580533e+07
2.480034798067124188e+07
2.480022376638097316e+07
2.479975946666651219e+07
2.479683977160312980e+07
2.479509546788572520e+07
2.479260620301160961e+07
2.478209068462050706e+07
2.477870754876591265e+07
2.477870754876591265e+07
2.477513358246856183e+07
2.475579536031224579e+07
2.474619563611441106e+07
2.474418032269079611e+07
2.474173145081025362e+07
2.473894312641153485e+07
2.473427168040742725e+07
2.471705930875013396e+07
2.470144927164129168e+07
2.470025686988449842e+07
2.469141338740100339e+07
2.468752050989573821e+07
2.467430256696772575e+07
2.466750964373505861e+07
2.466750964373505861e+07
2.466525584697285295e+07
2.466060891500082612e+07
2.464911881255691871e+07
2.462953006811646372e+07
2.461138500722317398e+07
2.460738070546356216e+07
2.460244280078615248e+07
2.459650476612357423e+07
2.457645756648296863e+07
2.456589137707358599e+07
2.456241979359048605e+07
2.454663455424832553e+07
2.454243401228602976e+07
2.453923250306834280e+07
2.453206014963673055e+07
2.451660301414927840e+07
2.451611220691857859e+07
2.451213013568695262e+07
2.450236188830475882e+07
2.449154029369153827e+07
2.447727238793983310e+07
2.447397700244912505e+07
2.447049694503890723e+07
2.446234605542700738e+07
2.446107679122773558e+07
2.445851144356347620e+07
2.444887535864855349e+07
2.444316860133201256e+07
2.444031305476531759e+07
2.442763151408873126e+07
2.442373970436324179e+07
2.441360408765945584e+07
2.440563392610569671e+07
2.439515546118660644e+07
2.438209961011721194e+07
2.436863012907987088e+07
2.436389760159631073e+07
2.436133434335761517e+07
2.436133434335761517e+07
2.435267594317697734e+07
2.434803303477826715e+07
2.434619180381982028e+07
2.434190196077464893e+07
2.433942507717512920e+07
2.432236826890049875e+07
2.430989312911555916e+07
2.429866239683762193e+07
2.428352816679506749e+07
2.428213404652688652e+07
2.427848238118939102e+07
2.427077497962654382e+07
2.426680805632715672e+07
2.426256293003771454e+07
2.426102116253561154e+07
2.425551203348831087e+07
2.424315775606169552e+07
2.423550578197091073e+07
2.423178239281340688e+07
2.422342245343086869e+07
2.421078817616587877e+07
2.419317575258162245e+07
2.418139939526510611e+07
2.418139939526510611e+07
2.417399890870589018e+07
2.415966277596252412e+07
2.415247002634497732e+07
2.415156368528261408e+07
2.414928699517225474e+07
2.414681491400687397e+07
2.414411100379741937e+07
2.414411100379741937e+07
2.413681412582634762e+07
2.412521039820908755e+07
2.411469961328164116e+07
2.409670761917123571e+07
2.408621227333834767e+07
2.407465570858970284e+07
2.407092744839737937e+07
2.406954059330124035e+07
2.406680930603614450e+07
2.406519626971226186e+07
2.405213971649675071e+07
2.404474451053012908e+07
2.403882802912405878e+07
2.402674311883955076e+07
2.401712335707817972e+07
2.400926968545472249e+07
2.400926968545472249e+07
2.400676788582277298e+07
2.400495001736347377e+07
2.399341480211598426e+07
2.398585836955905706e+07
2.397727225278225541e+07
2.397338585281480849e+07
2.396929520632391796e+07
2.396609425108044595e+07
2.396460024076802656e+07
2.395512501649463177e+07
2.393965167874865234e+07
2.393781303856125474e+07
2.393781303856125474e+07
2.393386638347388059e+07
2.393117946080231667e+07
2.392895214903511107e+07
2.392675421710601449e+07
2.391841568599352241e+07
2.391648337978327274e+07
2.391648337978327274e+07
2.391265100382814556e+07
2.390464106359114498e+07
2.389894033791407198e+07
2.388999013314621896e+07
2.388785566650277376e+07
2.388196861952865869e+07
2.387804108862539008e+07
2.387389986739251390e+07
2.387215548119425029e+07
2.386602285786301643e+07
2.385803993378639221e+07
2.384814761075555906e+07
2.384090143425906822e+07
2.382308238705519214e+07
2.381019946115387231e+07
2.380604582760738581e+07
2.380365419191533327e+07
2.379743945503742620e+07
2.379066823876207322e+07
2.378320781047007814e+07
2.377877032748602331e+07
2.377877032748602331e+07
2.376170375104059279e+07
2.375082059018960595e+07
2.374020966563143954e+07
2.372391204629121348e+07
2.370309684171641618e+07
2.370017406537656486e+07
2.369532917018271238e+07
2.369228893827857077e+07
2.369228893827857077e+07
2.369050495318157598e+07
2.368263786776735261e+07
2.367756239194738120e+07
2.367261874308469892e+07
2.366918933621550351e+07
2.366889649210050702e+07
2.366138889890361950e+07
2.365450262852441519e+07
2.365280646493604034e+07
2.364359562996485457e+07
2.364024181171414256e+07
2.363756991671923175e+07
2.363032788266569003e+07
2.362449189853723347e+07
2.361983348375429586e+07
2.361736120059097558e+07
2.360941832624303550e+07
2.360407382084131986e+07
2.360315936283471063e+07
2.359637103520075604e+07
2.359585740111116320e+07
2.358683199627267197e+07
2.358177924320751801e+07
2.357606142072448134e+07
2.356262570401377976e+07
2.355062722021420673e+07
2.353739990926505625e+07
2.353231009544809163e+07
2.351093678790493309e+07
2.350314781598795578e+07
2.348435248700031638e+07
2.347797278696268052e+07
2.347401230644707382e+07
2.347365310857214406e+07
2.346794268198154867e+07
2.344907186114918441e+07
2.344577873711775243e+07
2.344079190813219920e+07
2.343659931075729430e+07
2.343222872731764615e+07
2.343134343377687782e+07
2.342353607263196260e+07
2.342288669052673876e+07
2.341654124249313772e+07
2.340268999062154442e+07
2.339194321073576808e+07
2.337858296416355669e+07
2.337706826667623967e+07
2.337473540672139078e+07
2.337259501995030046e+07
2.336728157925319672e+07
2.336596817668556422e+07
2.336057508226003498e+07
2.335720970249145478e+07
2.335044604812334478e+07
2.334547159142535552e+07
2.334437010378319770e+07
2.334121435469077528e+07
2.333853684749951214e+07
2.331809323284287751e+07
2.330918501787846908e+07
2.330103356161770970e+07
2.329969922307986021e+07
2.329742661101756245e+07
2.329517054744298756e+07
2.329078170640380681e+07
2.327724642334203422e+07
2.327142002376831695e+07
2.326359104661025852e+07
2.326157591570143774e+07
2.325878062093628943e+07
2.325615956812581420e+07
2.324154302284681052e+07
2.322056829862584919e+07
2.321473326852826774e+07
2.321290789768142253e+07
2.320963565598802641e+07
2.320381886864779517e+07
2.320148306423143297e+07
2.319534931334337592e+07
2.319245210565095022e+07
2.318724122434587032e+07
2.318228139732109755e+07
2.316704982855218276e+07
2.315864526927768439e+07
2.315425765918797255e+07
2.314944452062785625e+07
2.314680099630500376e+07
2.313574815170434862e+07
2.313247841316886991e+07
2.310866078703028709e+07
2.310587147880744189e+07
2.310131294743783027e+07
2.309802375609119982e+07
2.309802375609119982e+07
2.309802375609119982e+07
2.309635110716384649e+07
2.308790043076217175e+07
2.308047147217061371e+07
2.307126355075012520e+07
2.306436863812221587e+07
2.304760405599720031e+07
2.304252202761869133e+07
2.303910288091311604e+07
2.303020498393570632e+07
2.301754526002320647e+07
2.301303484437978640e+07
2.300504951776915789e+07
2.298607040852898359e+07
2.297440355493207648e+07
2.296684043287820369e+07
2.296356843186786398e+07
2.294978505618549138e+07
2.294414984726914018e+07
2.294143261152488738e+07
2.293237992354880273e+07
2.292368226460547000e+07
2.292103661620014161e+07
2.292103661620014161e+07
2.291667942704255506e+07
2.291144778980541974e+07
2.290514336838335544e+07
2.288502983558082208e+07
2.287136379626784474e+07
2.285754759879120439e+07
2.285754759879120439e+07
2.285144879474658519e+07
2.284820060995068029e+07
2.283744323569691926e+07
2.283295901831714809e+07
2.282663058640122414e+07
2.281391992030565441e+07
2.280406229099069908e+07
2.279714397741150483e+07
2.279051978618682548e+07
2.278473976656585932e+07
2.278395314473817497e+07
2.278189186385991424e+07
2.278125789000383765e+07
2.277817405917399377e+07
2.277300412955033407e+07
2.276075590103062242e+07
2.274152270087391883e+07
2.273664969059976935e+07
2.273360270989864320e+07
2.272377482483079284e+07
2.271198379843736067e+07
2.270995427432429790e+07
2.270572763970701396e+07
2.269285109982360899e+07
2.268379850213444978e+07
2.267869155451989174e+07
2.267546966294671595e+07
2.267111162412606180e+07
2.266800935466453806e+07
2.266569472935883701e+07
2.265564578714256734e+07
2.265363919662192464e+07
2.265132150469002128e+07
2.264800992125065252e+07
2.263968983435144275e+07
2.263499583552354574e+07
2.262253553587283194e+07
2.260627088175532967e+07
2.259554072004676238e+07
2.258491265252087638e+07
2.257856514155370742e+07
2.257621754370218515e+07
2.256848092470501363e+07
2.256432551195960492e+07
2.256105248199972510e+07
2.256084087039882690e+07
2.255813870340751484e+07
2.254622832222708315e+07
2.253854727116963267e+07
2.253217388763503730e+07
2.253217388763503730e+07
2.253217388763503730e+07
2.253188729911305010e+07
2.252955400465030596e+07
2.252672944961056113e+07
2.252445280236907676e+07
2.251323451839356124e+07
2.250396433822496235e+07
2.249023940254752338e+07
2.248147506853721291e+07
2.247123207784446329e+07
2.246939581654102728e+07
2.246267944661422819e+07
2.245778839807397127e+07
2.245323663488181680e+07
2.244899801322727650e+07
2.244338809193916246e+07
2.243935499350270629e+07
2.243540865428916365e+07
2.242395974163663015e+07
2.241360041928205639e+07
2.239560807109227031e+07
2.238921657571364194e+07
2.237550985410643741e+07
2.237388126122721285e+07
2.237314226636014879e+07
2.237280106745861471e+07
2.237043714082717150e+07
2.236694435404752940e+07
2.236008141985369474e+07
2.235380382286534458e+07
2.234297504542908818e+07
2.233894644832271338e+07
2.233842902740459144e+07
2.233842902740459144e+07
2.233385958637118340e+07
2.232895540395349264e+07
2.232640204220472276e+07
2.231435458614039421e+07
2.230856178323031217e+07
2.230323418411532044e+07
2.230123841456975788e+07
2.229625134470519051e+07
2.229541331234788522e+07
2.229541331234788522e+07
2.229541331234788522e+07
2.228822918327290192e+07
2.227640262091090530e+07
2.226559713814298436e+07
2.225353922639061511e+07
2.223693840630577132e+07
2.223214360890566185e+07
2.223157333958911151e+07
2.223105627239485085e+07
2.223105627239485085e+07
2.222763547494615614e+07
2.221180487557772920e+07
2.220072625401099026e+07
2.218528347961937636e+07
2.218209509116066247e+07
2.216497024864881113e+07
2.215530692078123614e+07
2.214395355622377992e+07
2.212821174289816618e+07
2.212200462693647295e+07
2.211974209097006172e+07
2.211041358178491890e+07
2.211017105781490728e+07
2.210155449106160551e+07
2.209897388894291967e+07
2.209126459280744940e+07
2.208103711246165633e+07
2.207333064822028577e+07
2.204983695846187323e+07
2.203666099605575576e+07
2.202947667069403827e+07
2.201539705333140492e+07
2.201148797299884260e+07
2.200564249172996730e+07
2.200424898748008162e+07
2.200175901294877008e+07
2.199870721736985445e+07
2.199001562069392204e+07
2.198397882953625545e+07
2.197450367725960165e+07
2.197090051275746524e+07
2.195952420685833693e+07
2.195681375124340132e+07
2.194356582487747818e+07
2.193120864529354870e+07
2.192022935043175146e+07
2.191764619434005022e+07
2.191590335070045665e+07
2.191574820991440490e+07
2.191574820991440490e+07
2.191574820991440490e+07
2.191574820991440490e+07
2.190694571600138023e+07
2.189712331613168865e+07
2.188016751113189757e+07
2.187423593516711891e+07
2.187041702209642157e+07
2.186518645228235424e+07
2.185906606186347827e+07
2.185906606186347827e+07
2.185564428803995997e+07
2.185074700652746111e+07
2.184257852000505477e+07
2.183460254744224250e+07
2.182604258301076293e+07
2.181687713578619808e+07
2.181336321504183114e+07
2.180279204791095108e+07
2.179634673938283697e+07
2.177733616008651257e+07
2.176361980033503845e+07
2.175218554507107288e+07
2.174815341678394750e+07
2.174416399365632981e+07
2.174262648068292439e+07
2.173147699162850529e+07
2.172075452152457088e+07
2.171125086409465224e+07
2.169918101392918080e+07
2.169150516843649000e+07
2.168173292161464691e+07
2.168173292161464691e+07
2.168152583773811534e+07
2.167984721160572022e+07
2.167435949618668482e+07
2.166468663267432898e+07
2.165290071516508237e+07
2.165161688634677231e+07
2.164800999325897545e+07
2.163502837862505764e+07
2.163073395291259885e+07
2.162592813071057945e+07
2.162464626406344399e+07
2.162313686588688940e+07
2.162101894112004712e+07
2.162101894112004712e+07
2.161790886874288321e+07
2.161490505844480917e+07
2.160900722295872867e+07
2.159960692341955006e+07
2.159323192745279148e+07
2.157454819850706682e+07
2.157086661402053386e+07
2.156426989194248617e+07
2.155443351011709124e+07
2.154460717998111248e+07
2.153968119279932976e+07
2.153220439980759844e+07
2.152207448504532874e+07
2.151754090507546067e+07
2.150901845406160876e+07
2.150901845406160876e+07
2.150363123982366547e+07
2.149755297103936225e+07
2.149343884711205214e+07
2.149126266684098169e+07
2.148858027501221001e+07
2.148294798470021039e+07
2.147104842538848519e+07
2.145852832910896093e+07
2.145189744825778157e+07
2.144232868495005369e+07
2.143231864478379488e+07
2.142982865461739153e+07
2.142496271444280446e+07
2.141876148128204420e+07
2.141876148128204420e+07
2.141524786233805865e+07
2.140879577235212550e+07
2.140517944972665980e+07
2.139258302614174038e+07
2.138788752004900947e+07
2.137894433371251076e+07
2.136724708485268056e+07
2.135619431933116168e+07
2.133620352440392226e+07
2.133319574084689468e+07
2.132887099526138604e+07
2.132845248707399145e+07
2.132398633766865730e+07
2.131950029827270657e+07
2.131584497448962182e+07
2.130748530120910704e+07
2.130241139565817267e+07
2.129100164739527553e+07
2.128054537632797286e+07
2.127630733228422701e+07
2.126068752984089777e+07
2.125287580218402296e+07
2.124896484658553079e+07
2.124283618075143546e+07
2.123804345293974876e+07
2.123560048646421731e+07
2.123319404106613621e+07
2.123270422381055355e+07
2.122861601822226495e+07
2.122225420089924335e+07
2.121501327787584811e+07
2.121062244220286235e+07
2.119719247945367917e+07
2.118248199261815101e+07
2.116165878424777091e+07
2.115961891814082488e+07
2.115483653573812544e+07
2.114734586573318020e+07
2.114056962359881401e+07
2.113589311712606251e+07
2.112702370394165814e+07
2.112055144058327377e+07
2.110923716111417860e+07
