5.227288486325676331e-01
4.946284476616682468e-01
5.249190377586714362e-01
5.166539377684173928e-01
5.337387093769550006e-01
4.954661007364435932e-01
5.283629856125955371e-01
4.961753360551668379e-01
5.427720115614675933e-01
5.001594883278954740e-01
5.513782382277057081e-01
5.050539260647397555e-01
5.385450953376036409e-01
5.185309184625310763e-01
5.424921776176034882e-01
5.133907079428325915e-01
5.378134390860225267e-01
5.154917869945023767e-01
5.402783848213843498e-01
5.158686059446253580e-01
5.378573702814861690e-01
5.115421302391496283e-01
5.359177453897032706e-01
5.202886127218064871e-01
5.514047745567296488e-01
5.160311338454164343e-01
5.498623888907800961e-01
5.184163773158303457e-01
5.391437129003762152e-01
5.233571289022762585e-01
5.335543374000337735e-01
5.248608562469527783e-01
5.324621304526573340e-01
5.239301768169042361e-01
5.373706150412829174e-01
5.107302975412366663e-01
5.407604641515035837e-01
5.176986584832263816e-01
5.500947202638641897e-01
5.076701789653483843e-01
5.521193683777951833e-01
5.315793352333244570e-01
5.524351004067398208e-01
5.196518921659745160e-01
5.561695623829763235e-01
5.161289170071796661e-01
5.567324405465896575e-01
5.216506644759562050e-01
5.599866686083956324e-01
5.347683550735737867e-01
5.630307309722937248e-01
5.256282049669209755e-01
5.540054122388653468e-01
5.368642624544435193e-01
5.529004994738144774e-01
5.328629292052795563e-01
5.553808482236561872e-01
5.301030107335336083e-01
5.634008475159717477e-01
5.282491443306014389e-01
5.706576931101778882e-01
5.263903484640337638e-01
5.686956077473794835e-01
5.395810431364367332e-01
5.795210581506964331e-01
5.300550751600923149e-01
5.754180521688212480e-01
5.422813745605523650e-01
5.761566117850094315e-01
5.567077521269396811e-01
5.731215242703200374e-01
5.414836620602301309e-01
5.694828197867991548e-01
5.520389086635475451e-01
5.668436833296297550e-01
5.557228663226894128e-01
5.685873731094730488e-01
5.558641821393948135e-01
5.741333402432289290e-01
5.633718482397611638e-01
5.648093519207009194e-01
5.728500509202589797e-01
5.625054693314908150e-01
5.682627784466305343e-01
5.725666032475942302e-01
5.585633700987955308e-01
5.856501260171782519e-01
5.616196871708893923e-01
5.775543807406222641e-01
5.706468917812088648e-01
5.800085073842140559e-01
5.758693452888294928e-01
5.714819919839300155e-01
5.686854525084896750e-01
5.864513886453224245e-01
5.539948320087688671e-01
5.772081951423686519e-01
5.747099807650002390e-01
5.757030881534248579e-01
5.827218706508006107e-01
