3.108213490479673055e+03
3.108086934160074179e+03
3.109127730136659466e+03
3.110099403063612044e+03
3.111730993046811363e+03
3.109463047888945312e+03
3.109142327925820155e+03
3.109223786829044911e+03
3.108357860099539266e+03
3.109964421004333872e+03
3.109743366648637675e+03
3.106716882675178113e+03
3.106323123156645124e+03
3.110453730502266808e+03
3.110416422523556776e+03
3.110579720119573267e+03
3.111681346013636357e+03
3.111581743445948632e+03
3.110868807505510631e+03
3.110713465053694108e+03
3.112033065911218273e+03
3.108184608764599034e+03
3.105374607343977459e+03
3.105300630141144211e+03
3.104919161012594486e+03
3.104650897164038724e+03
3.102730175170934217e+03
3.100729810323059155e+03
3.099554531879437491e+03
3.099327834130988776e+03
3.098843756873970960e+03
3.099739855149598498e+03
3.101034902582759059e+03
3.101500564494686387e+03
3.099996271056152636e+03
3.101860837708226882e+03
3.102521416528312329e+03
3.101544158597480873e+03
3.100697660538990021e+03
3.101493438604077255e+03
3.101040197531173362e+03
3.096148812333136902e+03
3.094255199073244512e+03
3.094940165676401648e+03
3.095631646597693816e+03
3.095729445278871935e+03
3.095399661325183388e+03
3.093550775213104771e+03
3.091494181048592509e+03
3.091592655957238549e+03
3.093532604271738364e+03
3.094375709914068921e+03
3.094086297999441285e+03
3.092722385824351932e+03
3.089552613430372276e+03
3.090287523758969655e+03
3.091435282737099442e+03
3.094725615317358461e+03
3.094695341206317607e+03
3.096516153433032287e+03
3.096637972379468010e+03
3.097198762438782069e+03
3.093673604171716306e+03
3.095545196996818504e+03
3.095481726154651369e+03
3.097302054133958791e+03
3.095027887097759503e+03
3.096103352503108454e+03
3.096116980369163684e+03
3.096617430892495122e+03
3.096060704957610596e+03
3.096788223394757551e+03
3.098962059283496728e+03
3.100345726323247618e+03
3.100222730838330335e+03
3.101578795142805120e+03
3.101186807221643448e+03
3.100126654959741700e+03
3.101764618017000430e+03
3.100412995121432232e+03
3.099018413445106944e+03
3.097923176245220475e+03
3.092191005113190840e+03
3.098348701228354003e+03
3.101643940412238408e+03
3.102910162998186479e+03
3.100604809099671002e+03
3.099423460746147612e+03
3.099055716871578625e+03
3.102729841432346802e+03
3.102920371094372513e+03
3.104797545317895128e+03
3.107219007432087437e+03
3.108693892720526492e+03
3.110446724637929947e+03
3.110757431983849983e+03
3.114208130191621422e+03
3.115166123726846763e+03
3.116406039017181229e+03
3.115658587117465231e+03
