-7.372510217649041442e+05
-7.361197350820840802e+05
-7.338481180473776767e+05
-7.325980274278307334e+05
-7.302857448980559129e+05
-7.271651139085380128e+05
-7.249177344537808094e+05
-7.236743147500418127e+05
-7.208385115049881861e+05
-7.191117376077576773e+05
-7.175247760397433303e+05
-7.143062348618658725e+05
-7.113971362260305323e+05
-7.096633542006576899e+05
-7.081136254004593939e+05
-7.079547861843078863e+05
-7.065893046633498743e+05
-7.046416405066876905e+05
-7.014646231461871648e+05
-7.007397124359612353e+05
-7.000053979842711706e+05
-6.969386943945739185e+05
-6.944993901512378361e+05
-6.924986083870906150e+05
-6.903175998304680688e+05
-6.892581583366884151e+05
-6.868010240314675029e+05
-6.849864283261754317e+05
-6.831211254007070092e+05
-6.805189327652286738e+05
-6.787600736895615701e+05
-6.761098589187312173e+05
-6.753170670353240566e+05
-6.729879510426870547e+05
-6.714147427569245920e+05
-6.694200188445753884e+05
-6.685246258575643878e+05
-6.667217276230119169e+05
-6.645006307069443865e+05
-6.641731079988257261e+05
-6.630089253231942421e+05
-6.599785622882319149e+05
-6.564859358575106598e+05
-6.540211457996425452e+05
-6.518806492653258611e+05
-6.499667985789541854e+05
-6.484487539497518446e+05
-6.465665812273749616e+05
-6.432349691353864037e+05
-6.415128354824010748e+05
-6.408348902332696598e+05
-6.386298377911850112e+05
-6.372706916327717481e+05
-6.354512443417081377e+05
-6.326859962225470226e+05
-6.309281078464642633e+05
-6.301881755448123440e+05
-6.269215067074667895e+05
-6.242420272305421531e+05
-6.218834480416092556e+05
-6.215293826833863277e+05
-6.192031793359916192e+05
-6.159463628064279910e+05
-6.135969623283462133e+05
-6.108497071557220770e+05
-6.097320746128452010e+05
-6.072958662969272118e+05
-6.060289812366481638e+05
-6.045603053980887635e+05
-6.015776136909157503e+05
-6.006973018950509140e+05
-5.987246141061151866e+05
-5.949199400345963659e+05
-5.935938241066493792e+05
-5.904207086759838276e+05
-5.884561036240766989e+05
-5.874267728587083984e+05
-5.853135668286312139e+05
-5.840335515741562704e+05
-5.830053983127766987e+05
-5.821332929947468219e+05
-5.798905976317210589e+05
-5.763298789925588062e+05
-5.714836656370008131e+05
-5.678554876859250944e+05
-5.647909914551132824e+05
-5.611821825249171816e+05
-5.595393532865638845e+05
-5.587346021231564227e+05
-5.565873306967047974e+05
-5.542571883522240678e+05
-5.527375873323755804e+05
-5.500039600933629554e+05
-5.464880294469525106e+05
-5.451128279025690863e+05
-5.445099544995196629e+05
-5.411086084968270734e+05
-5.382023605244312203e+05
-5.375615124627955956e+05
-5.348256305125451181e+05
