7.726980404597802998e-01
7.253598020413413172e-01
7.765929839042321481e-01
7.289118798115472586e-01
7.759443143155083655e-01
7.299519004683147072e-01
7.779856660551809355e-01
7.325122504723329264e-01
7.808595113079441763e-01
7.337406167386087974e-01
7.826245920041779991e-01
7.384491163531301527e-01
7.827672689585445376e-01
7.416642341070598388e-01
7.854323123694390008e-01
7.419862768635078210e-01
7.874601916665141532e-01
7.462429141107306263e-01
7.880812992138890305e-01
7.464739916084385252e-01
7.872780793840431501e-01
7.487158863633704975e-01
7.942659326037835310e-01
7.518196887259208649e-01
7.975575595387431882e-01
7.541810013904821641e-01
7.985843335447863067e-01
7.570440312749785461e-01
7.978952942751078581e-01
7.571529911633045895e-01
8.018459725983884123e-01
7.608215143932196556e-01
8.014337284972227193e-01
7.617611958032739494e-01
8.030033110968112231e-01
7.643926184036474725e-01
8.073203455097961445e-01
7.657371759712939818e-01
8.109182100365159851e-01
7.645874634088801747e-01
8.110543966936744065e-01
7.682916874083304259e-01
8.120809395342355463e-01
7.691160652307401646e-01
8.138822654401498546e-01
7.746489526050791552e-01
8.170565340378875829e-01
7.732625792247863616e-01
8.169866942500138007e-01
7.765808355471143232e-01
8.177801161912641170e-01
7.773582060206608579e-01
8.217465890946179519e-01
7.793356977266200358e-01
8.213584099892226043e-01
7.814534111601577626e-01
8.223475237107756852e-01
7.816492815967798213e-01
8.263332226329964669e-01
7.854136956729989016e-01
8.260918128849209507e-01
7.862630462724998770e-01
8.292960610942156086e-01
7.922042724654365653e-01
8.367382373894403091e-01
7.959977958567867606e-01
8.385825193129256006e-01
8.013806133630985151e-01
8.435285663452163352e-01
8.023489215398950103e-01
8.482428697970562093e-01
8.025065877702779460e-01
8.453873541752499055e-01
8.084401833203853638e-01
8.498792796153925577e-01
8.144782005122469526e-01
8.529283961351619148e-01
8.137126691347199570e-01
8.578514623008970386e-01
8.180574856604543310e-01
8.582569747121698844e-01
8.226280558863722225e-01
8.650035015456654097e-01
8.261207399693599740e-01
8.724588993710085116e-01
8.339153619457294608e-01
8.777018517769999972e-01
8.425542715840075303e-01
8.802236101230508369e-01
8.472086515479939628e-01
8.896074296789145963e-01
8.532177689883391203e-01
8.896791869569148359e-01
8.572102042227709440e-01
8.923545388660268918e-01
8.620362663479925747e-01
8.940013276076927973e-01
8.626523344829756246e-01
8.972571657086877428e-01
8.683754251443823735e-01
