7.624952796159794843e+01
7.591173057255322476e+01
7.518315726540018318e+01
7.584792972851998627e+01
7.668921956829606756e+01
7.508477300999997794e+01
7.523738757501199359e+01
7.423287894230790585e+01
7.420181950694467332e+01
7.401663155938030059e+01
7.392703979760180744e+01
7.362395130225797857e+01
7.246172909778846360e+01
7.286579336360492221e+01
7.201733937920566575e+01
7.230698963627880005e+01
7.214492789142819618e+01
7.137807065528859596e+01
7.263916936990224826e+01
7.196265509247660930e+01
7.199276057788976857e+01
7.215632615020609819e+01
7.212045077175473295e+01
7.210222129977869088e+01
7.214565396877853232e+01
7.175309583072009900e+01
7.227745310476774421e+01
7.278790271329395978e+01
7.254091861466258706e+01
7.300337989718336473e+01
7.270549021377860299e+01
7.197050471712684327e+01
7.259628849992898836e+01
7.201193410979256271e+01
7.183660288359132551e+01
7.260676804823629027e+01
7.248737474601047381e+01
7.279851144897958193e+01
7.342106694277795498e+01
7.316537580304857613e+01
7.332183988742384884e+01
7.343916526680951051e+01
7.165885083867982530e+01
7.113744272148235837e+01
7.121646256129157848e+01
7.156178308797126419e+01
7.199105265459664338e+01
7.184266021797927237e+01
7.350815066852173629e+01
7.408594060708180962e+01
7.418605090411453773e+01
7.306798831479738965e+01
7.302093812148096674e+01
7.258768491936915268e+01
7.187857819178977081e+01
7.219480553211185736e+01
7.214666083088783921e+01
7.167732784773166088e+01
7.072928260945749912e+01
7.214801130913646432e+01
7.185391280010887272e+01
7.049209306854532997e+01
6.982668206765940511e+01
6.977833630807472787e+01
6.812755743890298277e+01
6.833511861477573746e+01
6.801778472634740069e+01
6.785372091847773390e+01
6.821348459245682250e+01
6.854696827382544200e+01
6.862814279804953799e+01
6.791175390022057456e+01
6.785292752027028484e+01
6.805615876511525641e+01
6.850237826984991329e+01
6.796320887760658991e+01
6.783408397039956128e+01
6.701466714592038443e+01
6.684151359361725042e+01
6.689326001546896805e+01
6.711460593178112788e+01
6.814038064907460068e+01
6.839068596949573475e+01
6.707073113453178337e+01
6.640451206139698570e+01
6.549659525027146856e+01
6.567201664205050804e+01
6.614024431107812063e+01
6.656125290970973651e+01
6.651742870537022156e+01
6.732935818571353082e+01
6.767672731826326071e+01
6.705598878982762301e+01
6.851019151579019706e+01
6.909323259357614688e+01
6.928169201428822532e+01
6.803015881502020079e+01
6.795255969589815948e+01
6.803368492400196033e+01
6.895994089284685913e+01
